output/ET_raster.asc
NCOLS 187
NROWS 176
XLLCORNER 659300.0
YLLCORNER 5127800.0
CELLSIZE 500.0
NODATA_VALUE -9999
[rows 36 to 53 of 176, columns 0 to 40 of 187]
-9999 0.015998190384980387 -0.04585641505922139 -0.044783527363752434 -0.03979780928119523 -0.05166351565353968 -0.0751303922665069 -0.07067514940876883 -0.06374325598108628 -0.058950884234807904 -0.046904559841599434 -0.0434138932997371 -0.033515880893829994 -0.031542200656772365 -0.03554968813486519 -0.040181009065729766 -0.03521154305747078 -0.04319241167977975 -0.04653613713583826 -0.049805469325497495 -0.046791089281686855 -0.06904179564235352 -0.09268959689451965 -0.07446926432066779 -0.07710168884599938 -0.08234626186042339 -0.061943455145832174 -0.06950208850501398 -0.07494193206955753 -0.08187651343547717 -0.09035516817214327 -0.09645150603605863 -0.10096018237962676 -0.10897399592592596 -0.10616660488352461 -0.12997742521287778 -0.11938021960281987 -0.1030440790001157 -0.10262225065591696 -0.09375558508208896 -0.09365779661198868
-9999 0.0184852099300864 -0.0639451317581414 -0.05524397587975133 -0.04857428825593897 -0.06256202783789251 -0.07268419114401593 -0.058541104478695566 -0.05297314940071491 -0.05134554635243077 -0.03621427131786324 -0.03302253718662498 -0.045202125513519736 -0.03902317085235997 -0.048379265345639334 -0.049924367371528194 -0.035234848736050914 -0.0357261842813498 -0.049730829536984156 -0.053063037154305395 -0.06335277786912948 -0.08389830569333735 -0.07525519373052333 -0.05854088217984707 -0.08555599524432135 -0.06647565944841781 -0.055235469476503714 -0.06275201033694967 -0.06536851961221149 -0.0970696765403435 -0.0754881021649869 -0.08010474469404091 -0.09994302376259732 -0.10537177839587472 -0.11167213273262047 -0.11926161577549547 -0.13645601073013391 -0.12386155485630972 -0.13250416202273407 -0.12307876996533479 -0.1169237244628473
-9999 0.015785727758334877 -0.0673316756465915 -0.07393970904829206 -0.06652032135309872 -0.07505346667106363 -0.07574372141201338 -0.06122531373094514 -0.04664955021679263 -0.04321037318831635 -0.04354542908239837 -0.043253086500686086 -0.05818194874784175 -0.053650970131921494 -0.05107324228200194 -0.04655205541133612 -0.037919360557738 -0.04384630513344065 -0.050359875809996985 -0.06383506528676675 -0.06532499423955612 -0.068677047073 -0.058364636070285934 -0.06307497257470332 -0.07459149644388074 -0.06124476339135717 -0.04616800702438447 -0.056831558815141694 -0.07492826020747607 -0.0842339529265951 -0.06870231960445629 -0.07484158687572078 -0.09015657643596711 -0.10393198123830918 -0.11410047678715524 -0.12488974837101523 -0.13591118682625491 -0.1473971885599772 -0.14960471074670992 -0.13964801556313844 -0.1386142068068421
-9999 0.015454160137345786 -0.05552927342819109 -0.06596382987585375 -0.07208007524233447 -0.08333668115986446 -0.08163812402801122 -0.07460255818016785 -0.05930453493650229 -0.04917103017362872 -0.04761856008646782 -0.04958650401189375 -0.06142672065664058 -0.053953555663998065 -0.04419000056995226 -0.04323447363799883 -0.03756334279276068 -0.039848593722735484 -0.05404009035213265 -0.05959142439527491 -0.05691539756555304 -0.057513882707048374 -0.04765398142668497 -0.06330955956502415 -0.07607496441495154 -0.058430127209547995 -0.04578848383070341 -0.06006424835048248 -0.08630595563933179 -0.07021128879440193 -0.06042878342432757 -0.07209229438869687 -0.07865827330180998 -0.09654684788854452 -0.10552876474362104 -0.1233785135550511 -0.1382290381655196 -0.14344202838457118 -0.14887946365431245 -0.1562341565292503 -0.15585974748973047
-9999 0.014117080297765615 -0.043335450965823266 -0.04533398498836627 -0.061523091455460796 -0.08109808765680435 -0.0822664856303042 -0.07393559844318943 -0.06347296522031107 -0.05801175594357653 -0.05283067248461497 -0.05127745998900912 -0.06442751409734211 -0.061603599439215825 -0.04922428246519899 -0.04379333994589085 -0.03570620565057133 -0.03894113911211237 -0.05263838876438745 -0.05498367200931571 -0.048027148868423145 -0.046252801803960984 -0.04451490398665104 -0.06474200827365657 -0.07006138842328166 -0.05295550896898393 -0.046170898034358934 -0.06190411531833648 -0.08811329876083862 -0.06484785456695272 -0.05736514949699606 -0.06649979258611816 -0.0771114548903847 -0.0811631921458063 -0.08928528832336813 -0.10308133975453994 -0.11286726469033714 -0.12315121783006269 -0.12878064220076263 -0.14150990417684678 -0.1532875923556192
-9999 0.013132356068012186 -0.040070653000253954 -0.05987211158613425 -0.07064321005953123 -0.08637038918036984 -0.10361028740732657 -0.08488397444905647 -0.07843294661110015 -0.07301579818627595 -0.060619307810715235 -0.06822608116890741 -0.07667497832627583 -0.07335414767978309 -0.06346318706741258 -0.05061526334000093 -0.04363027603753917 -0.043228633462925804 -0.04969257281462647 -0.048077872914330466 -0.04370341604302167 -0.043960097685819904 -0.04495664989297895 -0.058710425105762624 -0.05941358395986633 -0.04498018794556342 -0.04683431018446665 -0.06849670801026032 -0.06343209812785164 -0.0556821511187223 -0.05801832191562652 -0.0714292330178763 -0.07469021264303105 -0.07381758272648305 -0.08730734698790789 -0.09200445504885676 -0.09509058389189828 -0.09613998716513854 -0.10330999052514812 -0.11162983004914973 -0.1204015820570651
-9999 0.015843985126874655 -0.05341195997543168 -0.0653748926314421 -0.09126206950856158 -0.08383316741432864 -0.09709451053903853 -0.10431069918444288 -0.0938048485712753 -0.07912763894681976 -0.0731872435777447 -0.09059637435460711 -0.08761848613979026 -0.08722302779218508 -0.0756130668371919 -0.061846365048703666 -0.04994404710910385 -0.03986370672579947 -0.03867220990884967 -0.042347414786126907 -0.045767947207684664 -0.05473484085965437 -0.056243460864719166 -0.04873483742420283 -0.04328381805657742 -0.04006535676019781 -0.04415423180673005 -0.056682814050046396 -0.055145424950445984 -0.0453865506608928 -0.0530517921151077 -0.06521076396551033 -0.06553972198327185 -0.07147046999435752 -0.07109271935856805 -0.07662257347568044 -0.07975478491999012 -0.08769112068712788 -0.08969499867997899 -0.09707604729783172 -0.10854751390292304
-9999 0.017946691244056928 -0.0627712145371199 -0.0784748342570705 -0.08889463001418588 -0.06992208949570361 -0.07738750905637355 -0.08689121727950408 -0.10663530561200184 -0.0918793927438792 -0.09835305290513423 -0.08316954134648831 -0.07309424106255685 -0.07114893521568444 -0.08555235900738611 -0.06525002775910364 -0.05276714614026832 -0.04267698967996397 -0.03492159027673719 -0.03973331844364289 -0.053900159226172126 -0.06073117217797045 -0.07821346553031998 -0.06620937445164604 -0.05743113222997404 -0.06869637669349794 -0.06825067165135132 -0.05653975944371002 -0.06946754662087101 -0.06857918272193825 -0.06515252400429186 -0.06313218132975806 -0.06570636694456976 -0.06158867301747981 -0.0635298074216496 -0.07568427067077249 -0.08714270936849955 -0.09904132597926275 -0.10982060555593438 -0.13167763310879205 -0.14823488692235634
-9999 0.01862541911277452 -0.07058171080988153 -0.08693287792465017 -0.07686184739607545 -0.06308923703606777 -0.0655902401603344 -0.0828817256461279 -0.10944713705375349 -0.12651688612894563 -0.10556757272348186 -0.09057497287742139 -0.06913889604311817 -0.05793943773500075 -0.07464309872406842 -0.06750708167627496 -0.05095693603347658 -0.044832260304406735 -0.04051930416793749 -0.0504429662752953 -0.05748345669857199 -0.07198941140559906 -0.07634005549600253 -0.10269981861783581 -0.09241921231861197 -0.09184802177300248 -0.08534609815164697 -0.08406050833283676 -0.10168725466192538 -0.10818810900966867 -0.10907310259289406 -0.10138271904391924 -0.1085916162185078 -0.08942039112671384 -0.09917188173636877 -0.10863247894905881 -0.12985877762342568 -0.1411021789084876 -0.14336806053878667 -0.13492301145201419 -0.12267190806668388
-9999 0.019188321634481618 -0.07377239659727584 -0.08572424640844208 -0.06640197294713295 -0.05803466123116373 -0.07014793874020997 -0.08873491544543521 -0.11338897139855397 -0.1314831486848787 -0.11001029490772735 -0.08918281276653424 -0.07008067261835195 -0.04991974271342347 -0.06388110230673463 -0.06100896447320349 -0.05421239901742158 -0.04317393281058988 -0.04144391892138233 -0.049829382963719276 -0.06383939967128735 -0.07129916483293232 -0.08977187467542375 -0.09465655686286416 -0.1181166692695356 -0.11249302228217871 -0.12180055655251873 -0.12560274036392796 -0.12414467182747523 -0.12576644483153301 -0.1255607965366806 -0.12135437090887945 -0.11537309801547727 -0.12257975065933557 -0.13114296018277355 -0.1347618021950354 -0.13087891138380187 -0.12235161258875014 -0.11771452426691192 -0.11317917091726147 -0.10460987596602646
-9999 0.020012943411394604 -0.07899142927909253 -0.07197666620943446 -0.05957816567719769 -0.05197980273414732 -0.07210672758771416 -0.08675196781605542 -0.11111237131981626 -0.13880631448627398 -0.11507336680322208 -0.07425212677988213 -0.06810333825808898 -0.05401528233076726 -0.04915889433329031 -0.06169371997120426 -0.05122342771103931 -0.04227843582242136 -0.04721947389021524 -0.05974157796586411 -0.06843155333962435 -0.06672365806904423 -0.07050750754889357 -0.07999063581810086 -0.08989382915187383 -0.09492262157861053 -0.09930243408508649 -0.10124585948911075 -0.10147159539817018 -0.09461054419056456 -0.09522742523926965 -0.10598449463062568 -0.11293318495458636 -0.12075085460367052 -0.1170210037853813 -0.11181547254841222 -0.09652065555943774 -0.09912016265615467 -0.08873315571727439 -0.09440496426081497 -0.09215494071849915
-9999 0.02118551358727244 -0.07338806279798855 -0.05970858719562366 -0.05205647499411922 -0.04749411879938051 -0.06480326692909179 -0.07388583196530223 -0.11288708080971342 -0.14055450216248183 -0.10313224833673905 -0.09970282201414583 -0.08190784286876374 -0.07071981242899708 -0.05783395863967036 -0.05311098904505789 -0.05200284108897663 -0.04551638687865446 -0.0432900986684895 -0.05526659425964246 -0.0614414204376156 -0.06230850316079028 -0.059062260197181304 -0.08287231317910941 -0.08040951070582264 -0.08353921541982856 -0.08177432159240862 -0.08150399248382392 -0.0845205920791279 -0.08299258486235299 -0.08526636506388612 -0.10167722509788361 -0.09898787895280454 -0.10408768923077324 -0.0926878861124955 -0.0834017966088695 -0.09553539271621353 -0.08424644554345978 -0.07754021321713007 -0.07767934951244151 -0.07760310359995745
-9999 0.02178609819744275 -0.057001918610719265 -0.05646565943513708 -0.04634987380147419 -0.04276947921974039 -0.058430647492528624 -0.08193511538216264 -0.11410727312177774 -0.14072803628286365 -0.13741760202866315 -0.10944639960562723 -0.09207734293380805 -0.08338977977029101 -0.07031567006726822 -0.05174080443800192 -0.04624220318796868 -0.04236731579938541 -0.03829465171798341 -0.040577335950328405 -0.04864871497828873 -0.05190540186579932 -0.05887703691333126 -0.07410220152505735 -0.07208389750918347 -0.07454812076862818 -0.07525746611320057 -0.07348042316201717 -0.07745680599868653 -0.07526914675967851 -0.08138890948149181 -0.08263368768723005 -0.08140334263731844 -0.08050516746748801 -0.07303842335822813 -0.07272996391873092 -0.08469974897291492 -0.07232045832340338 -0.07016942654702281 -0.08462149566279377 -0.09846699860256347
-9999 0.02079305382187637 -0.05560060924602075 -0.05135173374701256 -0.04660742452580369 -0.0397311696360887 -0.06181232259585339 -0.07867512724278913 -0.08601664112067935 -0.10548918113379217 -0.1506761741190821 -0.11921117987565423 -0.10191169532424331 -0.09350805405463465 -0.07984997702844492 -0.053286731470008446 -0.047483098371598684 -0.05905936612310397 -0.05521557683173211 -0.05447974160273857 -0.05129664898199019 -0.04287340683049504 -0.05368255691660753 -0.062269549228540486 -0.061439913388879254 -0.06813034273730617 -0.06799773379929691 -0.06696697133515639 -0.0694326526187054 -0.06488086684994265 -0.07109589110746363 -0.07154261493060168 -0.07137553569652945 -0.06553678965513209 -0.0635271301323485 -0.0662777383345855 -0.06810771166083496 -0.06491461544911639 -0.08272458718920851 -0.10098014303313615 -0.1098959221383873
-9999 0.02004231647833448 -0.055429953240680445 -0.035337151662336794 -0.04504291791093505 -0.03559605451324396 -0.0463238577950083 -0.060603173471519486 -0.08755850245396164 -0.12290995056234406 -0.1499448385882706 -0.14171183652351574 -0.12253501844313286 -0.1112458735324822 -0.08719332777902734 -0.060241592271233275 -0.05748606414184294 -0.06949013963540007 -0.05990591931918456 -0.07043658947922933 -0.06859319207167887 -0.05852617346713323 -0.05438035456294345 -0.056294039199071534 -0.05506122685446381 -0.059727717342239875 -0.05864332750766637 -0.056434491580919115 -0.059711745381359274 -0.05960569056851246 -0.06306029321989273 -0.06284283597287232 -0.061245935811882694 -0.05762122250979401 -0.05357657312406561 -0.05589964218912937 -0.057560459084827764 -0.07621037334460552 -0.09315225563482955 -0.09027370012447318 -0.08306983281457503
-9999 0.019954368877905852 -0.05487662876857414 -0.042937509378203974 -0.03759578923066162 -0.04191332293808488 -0.054002161026346134 -0.07760440877815043 -0.0986706666290295 -0.1050933195066142 -0.13115437069460623 -0.16519290181398874 -0.12887195550726735 -0.1041073015526675 -0.07716873531925936 -0.07325652503053638 -0.06482362275981873 -0.08403778478560048 -0.07581435140483957 -0.08456947182074676 -0.07669214233785704 -0.07152650136422853 -0.058949104400056095 -0.04968868158039897 -0.053695628798338856 -0.05699067567664602 -0.0497785136391646 -0.050086798940250074 -0.05356821393891486 -0.056910595430224545 -0.0580895584461157 -0.057724763483884424 -0.05286283520881133 -0.05309412109083651 -0.04713142153279598 -0.047950419612461576 -0.053027952930525805 -0.06610487279306025 -0.06233178219442543 -0.07139616631424597 -0.07155907036359394
-9999 0.01889069740012057 -0.03942403621132063 -0.042905432933783044 -0.0353449240456159 -0.04193180933765757 -0.04965392358501199 -0.07066027571467191 -0.0783262413577145 -0.10152304376910336 -0.14082020218590977 -0.19266151595199102 -0.14705235228090702 -0.0959861306365572 -0.09126169659752824 -0.08776102298153492 -0.07998215043444026 -0.08787430376749257 -0.09749517532049481 -0.0954643415867237 -0.08922317289062635 -0.08138354715891 -0.06771336947528199 -0.07175910181525212 -0.07845238824810954 -0.07854306571086671 -0.06407099506229101 -0.0771474859598564 -0.073570447190812 -0.07437023556143392 -0.0728569504249503 -0.0758340794864851 -0.07387613419627079 -0.06792145216476031 -0.05974398094656902 -0.059367150536651654 -0.051058741139419495 -0.041446455199694816 -0.055863980572854695 -0.05160347348915729 -0.06193024807498144
-9999 0.017859432733021142 -0.04113042903698979 -0.03760528353202847 -0.038449703536123314 -0.03886410769714451 -0.05257339210275597 -0.05538525194235344 -0.0582953432230084 -0.09370880998532632 -0.1490606324854694 -0.20399535742015862 -0.1739930240035497 -0.12390012725709532 -0.12703653087653796 -0.11838147245311272 -0.10592938202485995 -0.10164659098183523 -0.11608711687082225 -0.11028546846003409 -0.09638918986967318 -0.096071331127391 -0.08405367120357124 -0.09196487598782534 -0.09557406462481775 -0.08453727105567536 -0.07842584051327087 -0.09891134088052592 -0.09539358773756051 -0.09168223540629926 -0.09420683930423929 -0.10336206484722578 -0.08842191903706731 -0.08578466040927499 -0.07399346807262798 -0.07225306789852083 -0.049729923253714545 -0.052174300645289384 -0.046137734227913674 -0.0469660439219225 -0.05243697845701077
