output/ET_raster.asc
NCOLS 187
NROWS 176
XLLCORNER 659300.0
YLLCORNER 5127800.0
CELLSIZE 500.0
NODATA_VALUE -9999
[rows 126 to 143 of 176, columns 123 to 163 of 187]
-0.07634757634403402 -0.0720367283648404 -0.08894221634417297 -0.07902921211603839 -0.08028533980587522 -0.08685148681509573 -0.10148661674684188 -0.1174122094894423 -0.13895052598889493 -0.118869332496239 -0.10253642212574612 -0.08785113372829312 -0.08546594747002347 -0.06931195575072144 -0.07645536955428732 -0.0966010711990199 -0.11890613342161735 -0.10877613917904279 -0.07989005108622986 -0.07871005118259565 -0.07139313746075181 -0.06489372897007956 -0.06396583171748893 -0.07339580593029973 -0.06943975252125781 -0.06416683751354872 -0.05804212944019385 -0.06334311989948671 -0.06832778277242949 -0.0730974127498871 -0.07233829448394928 -0.06256233479325142 -0.05232953804082443 -0.047686032531115856 -0.06879433347120434 -0.07208589820919281 -0.07931161087553387 -0.07849765285409202 -0.06812187681235894 -0.07593369830259923 -0.09551398993931255
-0.06048357188491789 -0.0705725896644878 -0.07231710791490827 -0.06916360200259178 -0.07705346217270688 -0.09084654323076469 -0.10881494189056161 -0.1218040678749549 -0.113672144313732 -0.1494035945157163 -0.12291581185483005 -0.10717455526921318 -0.09416017440165597 -0.08132285528515025 -0.0955013566537707 -0.10722725514234148 -0.12724641054258998 -0.10760307519512054 -0.07513212432615049 -0.06936749486696824 -0.06292659280376418 -0.058127533976699806 -0.0687788926206241 -0.08086834868326372 -0.06739299237107084 -0.06424142144876918 -0.055500570737648774 -0.056730643564792876 -0.06076035582732661 -0.06644500955754541 -0.058960574721993717 -0.046164926660961274 -0.04767342777705967 -0.0422307135863883 -0.05825202920983019 -0.0687260795964425 -0.07317885027672513 -0.07151298035583727 -0.06615199458089302 -0.08271416489661249 -0.08688105608271707
-0.060806907179633975 -0.06267024269511072 -0.059979651425466705 -0.07181422414778567 -0.08145258317793204 -0.10288804890384995 -0.1071981741736661 -0.08928774889721075 -0.08912132910883491 -0.1144413252361926 -0.14799144295242886 -0.1280682215066153 -0.11798372069520047 -0.09729953837032282 -0.10609078907265299 -0.13905288647421374 -0.12026847245050731 -0.10005353694131093 -0.07481472922973628 -0.06000142390901376 -0.050556982416516356 -0.06141112736936519 -0.07848349678939702 -0.09413921291373227 -0.08438923061036253 -0.08447197875186256 -0.07053513485188466 -0.06545599963460394 -0.05946547114760835 -0.06121404586743605 -0.05070970924775829 -0.04187167179000098 -0.04220522756386693 -0.047645001395814804 -0.05466557225047115 -0.06251737565797541 -0.0649957871854235 -0.06527488177167301 -0.0646950830020386 -0.08296668176386868 -0.07765766715145074
-0.05894510688368693 -0.05842267282108269 -0.05856614408993625 -0.06621027778801607 -0.08675799423534397 -0.0890394647881435 -0.07675530704325309 -0.0801240868412845 -0.10039300018077035 -0.11805672058920927 -0.13702382641278682 -0.13566787545171946 -0.1364977951077074 -0.12258985621358251 -0.13715818756218628 -0.1359760088463974 -0.10237628861029147 -0.08808518619072075 -0.07159155555654838 -0.07048141294246883 -0.059792774055153 -0.07649939412895419 -0.09143103202766681 -0.10485271667069979 -0.09426986517265695 -0.07815488344816122 -0.06621501476102598 -0.05321749531790359 -0.048299791112085995 -0.05106020179365613 -0.05134350028231345 -0.05347124673138422 -0.053462790010788366 -0.052759007123829624 -0.055741655178671926 -0.05787048058655435 -0.057676797887531446 -0.057861380571078765 -0.06307187116753836 -0.07222520473120053 -0.06524956842110098
-0.047852993652077194 -0.0570746879693292 -0.06180583065867254 -0.06804097065138714 -0.07583504881586213 -0.06358960152399629 -0.06832109861529233 -0.08396429093288726 -0.08117286374696811 -0.10684820102890324 -0.11592290945452505 -0.10561793129559052 -0.13696984305057577 -0.1497568330408011 -0.15167049286895462 -0.1173607506257844 -0.08981670283467984 -0.0818090743117584 -0.08375410666543344 -0.08371208062489043 -0.06503977650021245 -0.08225295091824467 -0.09767123389028902 -0.11852659785063151 -0.08967030990892004 -0.06216458229419118 -0.050428452943183155 -0.041503058101277086 -0.04951500042372728 -0.05068032927857682 -0.059633757234118456 -0.05308505930000953 -0.055344016358632016 -0.06265143489475565 -0.05852741719109134 -0.05599946447943252 -0.041173803998180505 -0.050395646826877055 -0.0535945546874382 -0.05453945536064247 -0.058554376325563894
-0.042261969779934815 -0.051011675315345055 -0.058342119294959194 -0.060345358444593315 -0.05873402892144517 -0.058824847065842775 -0.06539874879113862 -0.0643715916164562 -0.09535089260206048 -0.12272516712700665 -0.09605221969826185 -0.09247990649452864 -0.11597877613664802 -0.13486168059108986 -0.1533589329597326 -0.12566746450059268 -0.11039095471786879 -0.09889666203004792 -0.11413243102592877 -0.0834505224783107 -0.07831309119470882 -0.07790129783041479 -0.09630136412381365 -0.11942275878417498 -0.0989378927031557 -0.0753081478585519 -0.06360851756860646 -0.05841164189399879 -0.06678480704854566 -0.08009499584109156 -0.05770270592471689 -0.04859400665709444 -0.05667587741817209 -0.07215145339840429 -0.06716345506310879 -0.05409726738231354 -0.057562079518882224 -0.05867551758034973 -0.058491633432524205 -0.06310734231614161 -0.07292159118647247
-0.05205253803914477 -0.04516740026224017 -0.050319600733799236 -0.0520964241681591 -0.048091865253556625 -0.047876499124990916 -0.057367770504387385 -0.07723005356181957 -0.09889215950828044 -0.0860251003687582 -0.07755591583038815 -0.08438394254306839 -0.08889263970175598 -0.11139418073861808 -0.14068032742189607 -0.1596887631953558 -0.13022741194704934 -0.1160162987660184 -0.10904719728683186 -0.08300401590445709 -0.09310058006599291 -0.09785786335401181 -0.0955559731713944 -0.11915925284276545 -0.10859083116120662 -0.09408702032706234 -0.08874400121283942 -0.08386501173658593 -0.09213434033902512 -0.09404499129462655 -0.05271225916724579 -0.05384634324473227 -0.05936861528545384 -0.07713009425701625 -0.07128668937759293 -0.06048637893695841 -0.055835273298826676 -0.06399295662894113 -0.07147705658913385 -0.07358321006296052 -0.08033344515361975
-0.06171312640668436 -0.05996543446502261 -0.06252287540239697 -0.06542406224075292 -0.05691714579482233 -0.061845805521143694 -0.07615158015070544 -0.08401247748122892 -0.09490662343473215 -0.07325157636395734 -0.07397546580075011 -0.09606755163082195 -0.10649039886908794 -0.11153987879461583 -0.11336074092170974 -0.12964658659428574 -0.1584838890546555 -0.1271884991602086 -0.10604304497229232 -0.08101026997066224 -0.10201197693404275 -0.11050639562876888 -0.10586737409010646 -0.12818766701625986 -0.11807763716490385 -0.10537872719805903 -0.09890926748157372 -0.10208874076425153 -0.10811268983614308 -0.08717695644520554 -0.061227057377556744 -0.06254681441193606 -0.06693496964565976 -0.08473537151113618 -0.07231900415113575 -0.06518553987748482 -0.07087806801414803 -0.06954636333710457 -0.0722283936568213 -0.0821356175725567 -0.08993202388273093
-0.07003669283151859 -0.07027382736337619 -0.07483735951734542 -0.08208102035500854 -0.07353135707866887 -0.0643084125746487 -0.06522566557193687 -0.06932430682129233 -0.0730566814702783 -0.06076723719401927 -0.0653190995050918 -0.07951993242973392 -0.09620698870520175 -0.09770503949781287 -0.10795817420508774 -0.12642407533610087 -0.15959009358658063 -0.14502490217706268 -0.11034518234462166 -0.0920112703167642 -0.1035394458563301 -0.12350097887046108 -0.12332325676926466 -0.13655561069035482 -0.13038805827279834 -0.12541246017794402 -0.11188996151531973 -0.11380097693138806 -0.1125036068766561 -0.0994193737911037 -0.09455975343992767 -0.07428717112349803 -0.0886758357523581 -0.08810834004095111 -0.07715137656529499 -0.07800685181984486 -0.07758206770520734 -0.07461141202787303 -0.06756403186720157 -0.07202226301883198 -0.07981819399238226
-0.05162444557706287 -0.05475064743872845 -0.05968657852381454 -0.07503302613101707 -0.09287350520872828 -0.06998662346250079 -0.05821841657399543 -0.05535976003980175 -0.05421741539180968 -0.05086114895416579 -0.05842566476290294 -0.0644104257787056 -0.0706442692317591 -0.08871514430861004 -0.11315955793379459 -0.11214748961745775 -0.13637961946247307 -0.14884683759730294 -0.13212013947510837 -0.10922602746244724 -0.10823878064270215 -0.11703151213175969 -0.1400466609874429 -0.148584454466732 -0.13987858659923114 -0.14356974704036884 -0.1280884785613084 -0.12278334329780075 -0.1190556923754474 -0.10620721962499005 -0.10144256567951541 -0.09458019925293874 -0.09739770774880122 -0.08488212973585646 -0.08615879757713522 -0.07514926284652056 -0.08222002688776167 -0.0791725055476009 -0.06460768783393933 -0.06629654167028484 -0.07704858987997641
-0.04164110607611465 -0.04617946151279358 -0.04293141696614454 -0.06505062482794464 -0.10073276228069257 -0.09058111785155042 -0.08618403328349346 -0.055025092816973174 -0.06172122883925117 -0.06088739554865175 -0.05587840880295986 -0.05608196240060118 -0.061826497598189804 -0.07971233089883863 -0.10226647369189634 -0.1411656069299227 -0.14175272438398104 -0.159020138878389 -0.14984630133425322 -0.13204937195733946 -0.14064896670497792 -0.16679715744496584 -0.13756087099175426 -0.11299505062749315 -0.11965369582327848 -0.11466709826456856 -0.1149214755337391 -0.12417200410119308 -0.12469896366896269 -0.11721249064827859 -0.10612955528890143 -0.10629461024039845 -0.09363168367601081 -0.10156006613752268 -0.09959490117931129 -0.09045998037996403 -0.08975082820516851 -0.07458026495476756 -0.07192862745351267 -0.06781617828840553 -0.08771557454309924
-0.03559625423791456 -0.029538827270498204 -0.04345722025513554 -0.06529787393412284 -0.10036151839475439 -0.0984468137418034 -0.092717036164775 -0.06490355538676461 -0.07373669512363143 -0.0797106174973107 -0.07495200181426333 -0.07895470446594773 -0.08592246749030273 -0.0991577316674619 -0.12874849932352822 -0.14390114726821931 -0.16663866061674076 -0.1620776513282146 -0.1697694983618303 -0.16402682414150366 -0.14889659050407894 -0.12098010956258004 -0.13674311433260147 -0.09598109158368522 -0.10270807690271555 -0.08862890831816485 -0.09926083546431162 -0.11107334546883704 -0.1143619848879482 -0.11815718493171873 -0.12100739180286357 -0.11484660030637343 -0.11236205859398377 -0.10920285574469679 -0.10556838567298113 -0.10216738242451477 -0.09010115935150781 -0.08374744669008811 -0.07614267159490766 -0.07324598393753945 -0.07363392197501542
-0.03149135640945112 -0.040511125922183075 -0.05316821790160861 -0.06033066307413779 -0.10281205835751075 -0.10949572561078211 -0.08272095220128516 -0.07745620904210347 -0.07863643729584828 -0.09167103382056063 -0.10438889661333428 -0.09957313164913655 -0.11770109221898165 -0.12701498493212007 -0.139683089644516 -0.15185222028107073 -0.15518049765132588 -0.13076975784334158 -0.17149376509198302 -0.1503428456949895 -0.12789654419067942 -0.10685276563860673 -0.09442962544272542 -0.08199677411135127 -0.08276322057877387 -0.08006355218837821 -0.08543952195066137 -0.09081320289344284 -0.0964178137532856 -0.09984030832673632 -0.10067067870522363 -0.102588473240362 -0.09611249030318798 -0.09754421882525914 -0.09279165520695062 -0.10312440915093679 -0.09794002782294753 -0.0916401398924373 -0.08381140596321093 -0.06343428293557876 -0.0524872144949382
-0.05136262536595056 -0.04851028016541151 -0.05911553438140479 -0.08342346538677134 -0.1174840239741446 -0.0991956564765628 -0.0688045058918957 -0.08803127774858628 -0.08779080324495903 -0.10274217472813235 -0.11687196534483746 -0.1347186793647948 -0.14210604001230448 -0.15092780813322537 -0.15736987064249988 -0.15622215113257937 -0.14002214238828367 -0.12878743278094498 -0.1640170640703031 -0.17014377287262966 -0.1432073540629799 -0.12647208431155205 -0.1229371309251959 -0.09222393071351631 -0.06798159845590719 -0.06913569368784443 -0.074564534519003 -0.08176631113215217 -0.084252246397771 -0.07895190969883266 -0.0805929006892559 -0.07445606516189572 -0.0754095452318042 -0.07327724554415549 -0.0640128079230052 -0.08989250567674564 -0.09064149769969618 -0.08972402202911145 -0.07662286617780148 -0.06395412958529813 -0.05409489159161062
-0.07481949379306513 -0.07395937547238024 -0.09064675134609157 -0.11169068596525177 -0.11969412252037373 -0.12278552369214414 -0.1217040608433118 -0.123807572943787 -0.12367090551614787 -0.14053259866229403 -0.14214605581811887 -0.14282332480176893 -0.14723329064479554 -0.1383072370868239 -0.13709599078350737 -0.11379634073823078 -0.09776738414331462 -0.1026618640354169 -0.12561418382571832 -0.15392448444050352 -0.17226322749455902 -0.16389642867577756 -0.12356481231178443 -0.10290452188019406 -0.07874173358266323 -0.07276806211661294 -0.06671781374721161 -0.07089729650187046 -0.07953689633530385 -0.08601891208587546 -0.08974413570224397 -0.08945318362273011 -0.08612582884712011 -0.08183744146631074 -0.07472842491387502 -0.08839749208108065 -0.08075990237821146 -0.07188523872383588 -0.04916584307543402 -0.04048084120512547 -0.029330107280218353
-0.08088762042858266 -0.09455035879124637 -0.11207492092792151 -0.11755647170490799 -0.09932611557224363 -0.09382102876143772 -0.09108335485837142 -0.10813926915108961 -0.12377744299244785 -0.1328502721425406 -0.11140896227968108 -0.11468489503423279 -0.09689213547413983 -0.10761860450123886 -0.10133135551247258 -0.08580643001951627 -0.09034679661274658 -0.10190385845646756 -0.13018673450270182 -0.14247824639072898 -0.16571335195656736 -0.14609803219704515 -0.11516869309515326 -0.11693098806004788 -0.09667053377080581 -0.09737534271170113 -0.09173718926317843 -0.0872468655290464 -0.08343016342236553 -0.08160389423523177 -0.08042849338770028 -0.08547539311155848 -0.09884417832722046 -0.09802225979218586 -0.09594066416364337 -0.081333984179174 -0.07207968205849051 -0.06659716185936984 -0.036377135297358816 -0.03934009556886606 -0.028393373260599698
-0.05083848384528057 -0.0904308394844196 -0.09482322642572845 -0.07666242926134857 -0.08586942118152695 -0.0748582010580691 -0.09254880250205287 -0.0895605405145555 -0.09162166581905593 -0.11895229665233338 -0.08226783412322985 -0.09907223652839532 -0.08658249116062808 -0.08246487620497749 -0.06643624123338969 -0.08001686615129025 -0.09067359015904837 -0.11560258973497457 -0.1186345002998266 -0.12864535104998184 -0.14965061980580008 -0.1719377738968314 -0.1523848168836599 -0.1266302540402993 -0.10994020334448071 -0.11140183519437451 -0.11171726744512431 -0.10091722824545248 -0.08674910788906427 -0.07895752263294664 -0.07741183117909088 -0.07769706524174375 -0.09363608669717234 -0.1026354282328206 -0.09804143991016988 -0.08745364868952417 -0.07952201678881737 -0.0757964277063474 -0.05819471930470522 -0.05648941584365376 -0.03520444821819904
-0.07288649956785205 -0.08114647150172405 -0.09104639842887659 -0.06974389176203104 -0.07271390977088353 -0.08423815776657548 -0.08758558173521903 -0.06784913477611429 -0.08764667621078809 -0.10846797873351775 -0.07192894526600267 -0.07801242882905526 -0.05874541929419802 -0.05448749765095451 -0.05804924345658726 -0.07276710158108707 -0.08641478220934753 -0.08925992370810244 -0.10850932700592497 -0.12425149952258839 -0.15695001218131877 -0.17264793414184934 -0.15681687870298328 -0.14132986454981367 -0.13366799266305573 -0.1277299529498397 -0.11304344462863596 -0.11476261105828563 -0.10470091785911495 -0.09106092743763378 -0.07877416753414614 -0.08088581101210672 -0.08411992034203719 -0.09906769938940878 -0.10497805069492773 -0.09626875036303706 -0.0906313266108342 -0.08232833463526759 -0.07437920293027496 -0.07712188915305443 -0.06663786345850711
