output/ET_raster.asc
NCOLS 187
NROWS 176
XLLCORNER 659300.0
YLLCORNER 5127800.0
CELLSIZE 500.0
NODATA_VALUE -9999
[rows 18 to 35 of 176, columns 123 to 163 of 187]
-0.09344101395128425 -0.1318423534119238 -0.1292319348366997 -0.15907879688350865 -0.16545712095582035 -0.14438769016613012 -0.12015962446927385 -0.10309945959829521 -0.0878188210111123 -0.09243986814426276 -0.07114847313007729 -0.06392906992921626 -0.083271589167681 -0.07481261600500126 -0.055596821324316134 -0.07453702845324739 -0.07022214641780813 -0.05633935312077433 -0.044823136266675806 -0.0415107929041804 -0.04312860639719528 -0.0274288519725615 -0.04002095369460005 -0.047788459210890144 -0.055398713383062084 -0.06210549410338676 -0.07159642990858864 -0.08845755699895338 -0.06258867107256741 -0.04930062263054155 -0.038540990485113266 -0.03542083989914505 -0.035834465851218356 -0.04054289397076349 -0.03815447920636032 -0.03267949616682281 -0.03932925389008254 -0.05790086519627277 -0.05016250987094873 -0.04446132410743877 -0.05524594757190536
-0.09595885715171538 -0.12167842825800829 -0.1478702718979808 -0.1662883953299113 -0.15808345742312388 -0.13209021289206568 -0.10804951869099964 -0.09446649706326685 -0.08031249663277007 -0.07997030212140985 -0.07017592316691064 -0.049828944808690656 -0.06416039247462656 -0.0689913440526794 -0.05473854305114691 -0.054872837026244306 -0.06452383889535593 -0.05422405723046325 -0.044925839980229004 -0.03133333187207477 -0.03200475855849203 -0.03666340573676676 -0.03865657778010249 -0.05121417167655731 -0.06400399819295388 -0.0857175928797048 -0.0877434881993391 -0.07079436454251417 -0.05584509463759814 -0.04725844712271625 -0.04091068695343191 -0.03882832681296573 -0.03155595244280996 -0.03336755416492699 -0.026888960035863243 -0.0318226062752288 -0.03507745072164596 -0.044422442025489194 -0.040132915141120586 -0.033234914494591955 -0.04778502726341308
-0.12261757664878817 -0.134323321084794 -0.16507154261254234 -0.16966431545760333 -0.14419129673991113 -0.12013919890237469 -0.1146282678771708 -0.08831482658987339 -0.06695824659673294 -0.06860942137551636 -0.06374773150282716 -0.06071396688761545 -0.04421446402157846 -0.05972635928168004 -0.055260819503424895 -0.0467045914491751 -0.04017162127358897 -0.03913092302157101 -0.03295836808554728 -0.03027127347183988 -0.03956267520079747 -0.047953205949578956 -0.049857506233962824 -0.0625445001514319 -0.07654779877442597 -0.09344917765675828 -0.0725582494192874 -0.05199713310474716 -0.03949690685454485 -0.038312494840759055 -0.04108053049157662 -0.04519424017914731 -0.038867488046686605 -0.02960541143251504 -0.033683080038174364 -0.029571721124059938 -0.03144304460785258 -0.0307014774020765 -0.03027282823589965 -0.025614060315255614 -0.03916568372970354
-0.13454419345591279 -0.1485714453199429 -0.1721419451694828 -0.1660675029468475 -0.13288565160448043 -0.11218254865928107 -0.09436742193882451 -0.0826273019428874 -0.07025661778635404 -0.061788938486036504 -0.062194567229668075 -0.057431030623946215 -0.0488155369205235 -0.04070185334254004 -0.04220036399979517 -0.03492409109063018 -0.03419182733377616 -0.034623180172247664 -0.027734032369416798 -0.03387803548190845 -0.045069238566605725 -0.05416319901441729 -0.05843653571800642 -0.07021659852197985 -0.08785254559131185 -0.09160726224019873 -0.06273575129286517 -0.05415566486947748 -0.04925250110580238 -0.04519894806191739 -0.04643364957804729 -0.04778082645867899 -0.03301071432985896 -0.03531979294232683 -0.03696194562243457 -0.030328025104512237 -0.02667577905976413 -0.028654530582991923 -0.02798819336055235 -0.028894605044993894 -0.030903399479441505
-0.14681524085929068 -0.16231803026658828 -0.1715817149368014 -0.15846994317896648 -0.12559673857793302 -0.10802611594230649 -0.0869952364526813 -0.07604635841491755 -0.06585243006909804 -0.06188058590349422 -0.04675071561065718 -0.04627534685671434 -0.051599978030400784 -0.04825058538897931 -0.04522837430145251 -0.04323422031921591 -0.04169989016507844 -0.0378427383146824 -0.030061864472921643 -0.04324950202400771 -0.05028000621796072 -0.060005285451976614 -0.06646365997943911 -0.07945360256605034 -0.09211029653699733 -0.0912470627024931 -0.07076817132263061 -0.060309223658458845 -0.05321573726711572 -0.0513954466411793 -0.048920421112608636 -0.0466015199338646 -0.041235706980159735 -0.04043563648745516 -0.04255026654166185 -0.039946324883498245 -0.030984496695819756 -0.030913052033453566 -0.02571741293391223 -0.03146896669298275 -0.03277625279098706
-0.14122589944252634 -0.16555716387331268 -0.17234956216710562 -0.1417464827968269 -0.11667991411685497 -0.09349937764676007 -0.07366522057788576 -0.0664474854953733 -0.05390903767277803 -0.047798673164358756 -0.05487467519113591 -0.06403071647046284 -0.06626025529981981 -0.06311061667513475 -0.057499540022594844 -0.05168231270639456 -0.038871311683894134 -0.03310729602067032 -0.03083096465466307 -0.04120675227294387 -0.056450427177385604 -0.0695286538905107 -0.08383087774607526 -0.09332302841122846 -0.09989215288055674 -0.0994691605078193 -0.08154617616445797 -0.07208295365851272 -0.0673945226330324 -0.05657192048445094 -0.056232594389811735 -0.049881823494743585 -0.04815542273312959 -0.04857902900948641 -0.046170865905568986 -0.04752807397316544 -0.04080329542791082 -0.03426425367267134 -0.03134089265975027 -0.024652905970021333 -0.0356898966138181
-0.12207968610213325 -0.14613035118572884 -0.1767707479600857 -0.18004831388301393 -0.13567594482637507 -0.10277688986435118 -0.07689768274817381 -0.0749199919588151 -0.07104330303560558 -0.06836573007310341 -0.07243506535186477 -0.06911304535883726 -0.05893026371872478 -0.04925484778970309 -0.045411959880100446 -0.04304426166467891 -0.04467155597368678 -0.044560237876693144 -0.038780745130120815 -0.05001300809838706 -0.061173788806368784 -0.0736629701788707 -0.0956769594525763 -0.10525832822052486 -0.10286853547196191 -0.09860396942529984 -0.0977732882448521 -0.0962688642296045 -0.08989741744221898 -0.07680345165285889 -0.0739383662751515 -0.06760728539135849 -0.0704085808317702 -0.07197878122438228 -0.05963636535218967 -0.05481042317767049 -0.04691854543674201 -0.03748825065641682 -0.03397804329310026 -0.026620375418609312 -0.027978270257664136
-0.09864139146412791 -0.12476412226762894 -0.15690782766282935 -0.18477704999479866 -0.15309777322929044 -0.1195086905869019 -0.09861730703649274 -0.10116139932446346 -0.0936015487129624 -0.08175420662719458 -0.0647634696247344 -0.05575714037175404 -0.059206605014286054 -0.059849655430853126 -0.05662315665429878 -0.0560795857596957 -0.0438185924432445 -0.05288374458944492 -0.05339065425028363 -0.05794741702305858 -0.06924483134724109 -0.08589518026215337 -0.10713489701175213 -0.10083821096842727 -0.07709016357566177 -0.07751818227335214 -0.07862126462451878 -0.09062419074325032 -0.09445626778518179 -0.09103604622922927 -0.08810445752198384 -0.08549992351710177 -0.07968908664124132 -0.05644237587347827 -0.05467752752360166 -0.04979452813383247 -0.04674385820906806 -0.04537463343431436 -0.041858654223912814 -0.034177591022298524 -0.023691885657137694
-0.09016226788370214 -0.1062900817194301 -0.11726450068678754 -0.1709185954465899 -0.1800626709983151 -0.15883885150034133 -0.11856676196830418 -0.10446980527132663 -0.0898923437286213 -0.07249397218685094 -0.07281890050706666 -0.07573876560922413 -0.08187040152583507 -0.0794758048783716 -0.07036845308766833 -0.06576754100521856 -0.060251626702833565 -0.06348376631806882 -0.06940120159255256 -0.07579305766657196 -0.09262387525567055 -0.11377917466701702 -0.09494602312987487 -0.06760339375385363 -0.054452348386856 -0.0528449050178224 -0.06215280363152308 -0.06961227193842714 -0.06609027708564708 -0.06911931428652036 -0.06771160894861818 -0.08146932808034887 -0.07768542836968878 -0.05094726853859836 -0.037472636667575526 -0.03887177030774165 -0.039504310928705676 -0.04256805631358499 -0.03573578306192167 -0.02926342622711895 -0.029724157693599013
-0.07237136947734635 -0.09081274306528167 -0.11549862140584852 -0.13473728569894897 -0.15986154009455045 -0.18511827889081017 -0.15020089892949687 -0.1260715176548707 -0.10306752585176202 -0.08763055158065518 -0.09710400493356632 -0.10107799576108803 -0.10672089388728508 -0.09731483173344241 -0.08413241609069452 -0.07071505034706062 -0.06938182045307714 -0.08052400739852573 -0.09508971628277468 -0.0973114311115091 -0.11101698753112284 -0.09245216708790488 -0.06826866925960569 -0.061649128760480364 -0.04384354941959413 -0.04590399989458701 -0.049292582343756254 -0.061014799625572415 -0.05384513385297718 -0.061937638677400444 -0.054490162266198 -0.06494076753329447 -0.06323075243007122 -0.05582165366289921 -0.03448509865284008 -0.03022908889211593 -0.03535014243044378 -0.039905460844377946 -0.03202575697512886 -0.028876021894735156 -0.04046483825055462
-0.08102115056186762 -0.0896191644844216 -0.10244995889610721 -0.12655293932537545 -0.1524445335574442 -0.17934119871077203 -0.16266988399399027 -0.14217748245865303 -0.1247536659075502 -0.11527089134149589 -0.11420335683736121 -0.11803422459867047 -0.1200519003812863 -0.11897267044769949 -0.10496698682696524 -0.09006093580212067 -0.08953883530925011 -0.09463985946431096 -0.13116572948402858 -0.10520961850154044 -0.1102381765815125 -0.08228599755468868 -0.04670325923626289 -0.04606503879762767 -0.041414466501038485 -0.0443308404087625 -0.04981393914569621 -0.044258323797637854 -0.04450316150281257 -0.04902122407260186 -0.04921798476252171 -0.050365284106257076 -0.05225225378612436 -0.050566694653742125 -0.04360685023863844 -0.03266860755341851 -0.032761092097617045 -0.03620112011912814 -0.02954033202546392 -0.03263842899861495 -0.04385275326712934
-0.07517758812010593 -0.0687915330033847 -0.08396644048135736 -0.10227911340078304 -0.12105956653083755 -0.1616010694222851 -0.17910647977577226 -0.16786221074765906 -0.1597958960670142 -0.14191007218417967 -0.13189715895717322 -0.1355901831167678 -0.13854913451183667 -0.14522918659751347 -0.13724906183831856 -0.10639871823281766 -0.12528737384876634 -0.13711006737141762 -0.11120546313417445 -0.08440129622386841 -0.08687833480772322 -0.09220329170401231 -0.06455975757085669 -0.03847429917520896 -0.0325287519269847 -0.043454404920302156 -0.04252395600060869 -0.041047360044842995 -0.041178877153377404 -0.04202804974049167 -0.04012261169137148 -0.0438540653241384 -0.04403274841778948 -0.043799763034928635 -0.03906065077435118 -0.03509421839895327 -0.02627427613792995 -0.029465085740623218 -0.026795281176141918 -0.034829232546214915 -0.04371669717168353
-0.0679707446087872 -0.06728053843540341 -0.0688581741128351 -0.0743577935338983 -0.10331445165869348 -0.13618389348346308 -0.15855063336185732 -0.18899348640192518 -0.18959008342452777 -0.1755201830662021 -0.16045999022257115 -0.17474212428093652 -0.16661004215244335 -0.15829295258621254 -0.14333678538773542 -0.15234342422838296 -0.12826773986284204 -0.10264215421070026 -0.08705480582703881 -0.06370581829936471 -0.06178592606451365 -0.07279372774677358 -0.06544861122530589 -0.04942411570158741 -0.03621006441682446 -0.03364896597196867 -0.03771744024916524 -0.035492229943852545 -0.03383993175850335 -0.033183396322020574 -0.039086078429267014 -0.038330133754488585 -0.039083533871801496 -0.0406972610674727 -0.034328459588602776 -0.028279215205350015 -0.024804897567924054 -0.023322346244187473 -0.028966144476046396 -0.03703384704903049 -0.037160055949123943
-0.05091135021471812 -0.05778606030088299 -0.06034104686312842 -0.06503787059290221 -0.08952922907279354 -0.10836925761810207 -0.13757598709134516 -0.19062233210259016 -0.18878498365522303 -0.1905054947778405 -0.19062835788871538 -0.18746577432774414 -0.17757137784525615 -0.15153460390377865 -0.1292597444029241 -0.10653187458626959 -0.10267654395828145 -0.08661572576447386 -0.06369164271326448 -0.0597928025427533 -0.0453613311174736 -0.06176278968606523 -0.07184062422345974 -0.06463376581249873 -0.05203962546626662 -0.04107695701531127 -0.032322269772740865 -0.029200059757532988 -0.027194463711048885 -0.031061610377070538 -0.034706709848622355 -0.03411514692325885 -0.03499115502355144 -0.03908087494992793 -0.03675901171936075 -0.026747906889023156 -0.020600585053687854 -0.02894684274110149 -0.03234495560935285 -0.03604815812892876 -0.03073776543588691
-0.06137190699087356 -0.055979943968485255 -0.06083356294143372 -0.0746278743474198 -0.08557116523369612 -0.12312279570421249 -0.1833505021151506 -0.1938676520019896 -0.19079123869035344 -0.19192358735476922 -0.19141157805008663 -0.1616085357267591 -0.12108668758424392 -0.09743502724059021 -0.08952983720151576 -0.08481338117607923 -0.0909873300870112 -0.07500240994665547 -0.06567033400974509 -0.044359318762942614 -0.05163443430187113 -0.05737301466395133 -0.056636342125143214 -0.0680468962806061 -0.06031115711010293 -0.04371669181826294 -0.03377863595482717 -0.02242035849024224 -0.02610402138493108 -0.027113809015255032 -0.02809864383972682 -0.029518846407449367 -0.036555878596227664 -0.03433410529743795 -0.028511748671986928 -0.02502050597649493 -0.03836993368500662 -0.041206978416718165 -0.044942463207153845 -0.044497393849740885 -0.04129601736161327
-0.08257367296345447 -0.07432552957006128 -0.08444046144243478 -0.09818975178710103 -0.13299936049809016 -0.1591866168869735 -0.19994870774248655 -0.19451732798739216 -0.19240750429188497 -0.18728026903877312 -0.13545167462542815 -0.10633617253870563 -0.09679785833456298 -0.09309389350654318 -0.06212786340487375 -0.0719496073410026 -0.07789721145196087 -0.07093238923459107 -0.05838243637434719 -0.04388701219365479 -0.04959082370581602 -0.05181640985245407 -0.04948946473458544 -0.058165689164236416 -0.06439244891106477 -0.05057815733353084 -0.04177602972456363 -0.029211002455185802 -0.021953510626645068 -0.023829114462827837 -0.023849020656011796 -0.02781115583531944 -0.03485621097760038 -0.0321278349666426 -0.028593890824521684 -0.026457527591302783 -0.027254364905619853 -0.04907214083491828 -0.05851848126398018 -0.057788483158704655 -0.05259440230487112
-0.10486429294757467 -0.0968048238143115 -0.1130580421504864 -0.1305208319630647 -0.16146835180154628 -0.18841479226453453 -0.19777960711107911 -0.1949268352272998 -0.1936606831668086 -0.16108612385652002 -0.12456559481249588 -0.08884204732633098 -0.06847432060404629 -0.061348342624015534 -0.05176659811927123 -0.06384493987509851 -0.06503394651366973 -0.06097028068550235 -0.04822465662079552 -0.03864937575775411 -0.04377697366200704 -0.04683560238017209 -0.04876048044208656 -0.05343956545754195 -0.052188806864566395 -0.04619701482554792 -0.03862948451936778 -0.031296544234671965 -0.025912811713048794 -0.02523176304262135 -0.02767094845698376 -0.041489991336821935 -0.047276728325579734 -0.02861613159903716 -0.030527614360540828 -0.04807504993543269 -0.03887101473983867 -0.05275480579359905 -0.07090773615951919 -0.0684619085428133 -0.06716157542038831
-0.13058439717878095 -0.1327025896180695 -0.149168164122833 -0.17026128404141366 -0.18842409003432828 -0.18226146869040916 -0.1980706178147705 -0.1951762314118488 -0.19079551075238943 -0.15818584595520874 -0.11884927151157725 -0.08534692575014252 -0.06114306716705933 -0.05162692666262549 -0.04001379803882997 -0.04880472595691781 -0.04873067864795094 -0.04719628995730066 -0.044074006805837514 -0.033777689985216644 -0.03860447900791924 -0.03336493285392562 -0.02982262831067172 -0.029928407378492845 -0.039079868041190804 -0.03934439915170411 -0.034774663041438926 -0.029810137959162965 -0.03493496009179668 -0.040973447959869104 -0.045049049456997454 -0.05737652118965854 -0.05491258541134228 -0.04492321007570775 -0.04848560997494395 -0.054846893573975146 -0.06323595910481837 -0.06195757322594175 -0.08203260419536211 -0.08252842916553313 -0.08491676148595229
