output/ET_raster.asc
NCOLS 187
NROWS 176
XLLCORNER 659300.0
YLLCORNER 5127800.0
CELLSIZE 500.0
NODATA_VALUE -9999
[rows 72 to 89 of 176, columns 41 to 81 of 187]
-0.14078573400749964 -0.12051921355953801 -0.10243933571419546 -0.08594805308804196 -0.074438486766932 -0.06629312172637748 -0.05698541800001472 -0.050004192912545965 -0.05087541100109891 -0.05849004851727813 -0.06994597501194555 -0.07992378652724835 -0.09150675898514624 -0.10296648953217559 -0.10954651292572086 -0.10521675186294953 -0.09142389325541311 -0.08454997278780847 -0.07624851701744761 -0.06975578567769293 -0.059686260224627044 -0.059325444573693216 -0.05459975793105979 -0.05144252257662236 -0.060467184081749704 -0.07373636160068421 -0.08100284512830967 -0.09008113554665313 -0.08005709581905131 -0.07926838302763727 -0.09170490697286246 -0.09812644919920403 -0.10667643339349028 -0.10569653507364014 -0.12055121379154922 -0.13317272949663114 -0.14870959183378105 -0.1569108329899357 -0.16301775623459655 -0.1776143788597065 -0.19089900191808795
-0.1336531898499821 -0.11570831573855156 -0.0929436236480796 -0.07597398412834294 -0.06648598698728603 -0.061336696396883904 -0.05320363667623104 -0.052586622828819526 -0.05705930909198066 -0.06442804544140217 -0.07792515660011254 -0.08546747726330774 -0.10633782321943899 -0.0973545019202971 -0.08392694745169343 -0.08203367707350454 -0.09145931653246547 -0.09843237125407853 -0.08894225088808039 -0.07856169443798967 -0.07159046716997204 -0.06352862744058405 -0.051897596593672865 -0.04260503289632885 -0.05481596571273707 -0.0627697812020751 -0.06430130078677801 -0.09016644231232886 -0.10611600480429034 -0.09954848333314638 -0.11545275586086406 -0.1226231612392184 -0.1285279068470711 -0.13528762942756384 -0.1318151202025374 -0.1285786017633204 -0.14456820346546345 -0.1347790162108163 -0.17265332947991352 -0.18244971204548086 -0.1727225854675753
-0.12616315796210326 -0.10336804642064716 -0.08428396487562813 -0.0756229056166833 -0.0673225590138081 -0.06034905846625421 -0.04758143947812823 -0.06325431892936229 -0.06770042716659398 -0.07780743215487546 -0.08688284087881722 -0.09325684050049576 -0.10970162895180333 -0.09097084797982814 -0.07574627244625759 -0.06413252548058708 -0.0721344550374729 -0.06990587324272082 -0.08963895723594811 -0.08999976488934079 -0.07397690049825516 -0.06539607906295883 -0.05545441421657815 -0.04781117447758378 -0.04243106377188716 -0.051446735432403995 -0.06967150509414317 -0.09783398945588842 -0.08063075303106529 -0.11529484140724718 -0.10673023204187078 -0.10374532958150233 -0.09646017418218475 -0.0924913311846403 -0.10357540622843547 -0.10479926621412777 -0.1196283304814521 -0.10936792367462986 -0.13499975585991503 -0.1609960478288313 -0.13698260518341798
-0.10902774893521953 -0.09426676276299925 -0.08036875929560244 -0.0670500654109707 -0.06044447596984813 -0.053683412571231104 -0.058863147012549154 -0.06985786413275558 -0.07754284954263156 -0.08684540101953417 -0.09891078062122063 -0.11081262235141136 -0.10368216600431873 -0.0870698749029088 -0.07252124390393724 -0.059116202933947815 -0.061486867287929965 -0.061233448186998114 -0.06994418582739102 -0.08030876512436301 -0.08112130218217235 -0.06705169839047559 -0.059146760280889624 -0.053037203511086976 -0.05669066958799273 -0.06645350701673369 -0.07634528366088328 -0.0791379883631859 -0.09037873664134718 -0.09605381109382907 -0.08414950609920785 -0.078449147958424 -0.07874516926936505 -0.1038772686887911 -0.08402980338481304 -0.08917190070532792 -0.105190400509891 -0.09862686632890968 -0.11626032469654833 -0.13945207573705518 -0.11374846601437223
-0.09248387602373015 -0.09181399361744967 -0.07200251695220997 -0.06030085520445489 -0.0546368221351958 -0.05105281195849239 -0.06843004326091967 -0.07736125036565615 -0.08532392754155314 -0.10235926688173165 -0.11501511789710739 -0.11193994573755316 -0.09866753361112428 -0.08169422433394377 -0.07084750829444755 -0.05773616603010099 -0.05030257194421697 -0.05000688753245073 -0.05498800087371525 -0.06737721260636086 -0.07784135647519316 -0.07176316390429098 -0.06178429971187851 -0.05162810979384224 -0.04588930971485881 -0.05479116444291749 -0.06745824816034231 -0.06902910789505591 -0.08133512993006344 -0.06656921198902829 -0.07298647306812134 -0.0671872768655481 -0.07725728604052275 -0.09143319594845577 -0.07328539131445823 -0.07561617273993 -0.09209836440707755 -0.0814573499083421 -0.10269743958936683 -0.1095975732276926 -0.10995453560991901
-0.08415987894793557 -0.07274698712861687 -0.07073894842098832 -0.06295500364645235 -0.051402615302000895 -0.06016900983639213 -0.0723077951801154 -0.08322844786480121 -0.0992828346789425 -0.11771519807001143 -0.10771172516005456 -0.09344335381676816 -0.09804014926945533 -0.08981602138363791 -0.07643176787029124 -0.06586715888933588 -0.05974725886561376 -0.05485315252742407 -0.05060821129611784 -0.05149614626189831 -0.06294751536060808 -0.07517637916689743 -0.062487346396183606 -0.05020566992427276 -0.044247838259891245 -0.0527803380891034 -0.0552002407130003 -0.06548926687040225 -0.08018443118876581 -0.06066911040871726 -0.06818254954458551 -0.06161379899497645 -0.07272418177198403 -0.07924655138781965 -0.06154612145285892 -0.06288897852675533 -0.06643379473993954 -0.07250142587632648 -0.08503768601262152 -0.09439551883544953 -0.12433753377809241
-0.08567667475734822 -0.07155385729776233 -0.06092235642580395 -0.06147204447173347 -0.056747235035215046 -0.06892557442503984 -0.08333884942325599 -0.09670318371185678 -0.11247307475440757 -0.11883524532376706 -0.09667791546011507 -0.08121600688783953 -0.08406662127306642 -0.08870813718445858 -0.09023565961808522 -0.07705029957461838 -0.07225060326609253 -0.06373569866642846 -0.05790355424040845 -0.04474868303303393 -0.04848634063327299 -0.05616895486876934 -0.05644101813517538 -0.051918970654857635 -0.047332642931147 -0.05117791535515623 -0.0560919733719068 -0.06216556535740386 -0.05830851112182186 -0.05941755884346297 -0.04700857526199625 -0.054363838526228996 -0.06411258949473059 -0.0652917915292635 -0.05456315847270574 -0.06062448895686557 -0.06326340134446447 -0.08202793015738678 -0.09523043877714639 -0.1066351613900285 -0.12770294499645435
-0.08797375374368765 -0.07597309918958887 -0.06335433526266115 -0.051130810173503155 -0.05013884155385033 -0.06321882557715366 -0.07129140945734924 -0.09460323638605395 -0.12495935179525633 -0.11432121124782882 -0.09513563614323049 -0.0767804826541345 -0.06826106204815158 -0.06651605846288901 -0.0726381417719137 -0.07320743093727548 -0.06742326690317771 -0.05888685699352534 -0.041042973580022915 -0.04868381650014234 -0.05008107626992314 -0.0447057318303769 -0.04598728973639441 -0.05861441850707922 -0.05781587267394935 -0.05047491516625269 -0.057738850181861825 -0.06030358404173321 -0.06132059435620898 -0.06054483614391357 -0.05636821823315505 -0.051927370976242976 -0.05275195564461713 -0.05106042226855565 -0.05438261106206015 -0.05181112778353254 -0.06865013980647418 -0.09418147942129063 -0.11260451439618559 -0.12821470623514175 -0.1315360245525011
-0.09533116553049875 -0.0841465463230215 -0.0687266642147454 -0.05365312756814625 -0.053304961372842324 -0.05484623043759113 -0.07001595502449365 -0.0902749731518123 -0.12630765296163246 -0.1164814616465699 -0.09752224631537731 -0.08353295833328975 -0.06749030964319729 -0.05795336517439852 -0.0546317408419167 -0.05618409918555964 -0.049801891939575425 -0.04530938456826766 -0.042250545650314886 -0.052834071898270975 -0.05244540681523841 -0.04340367721850526 -0.04721100383278774 -0.05383369963007828 -0.0665756067732825 -0.06116321479647164 -0.0665262840138359 -0.06809649988243105 -0.06923479753184661 -0.06774108836506346 -0.06357644930394289 -0.05994800228973329 -0.052850461523881426 -0.05076426364409665 -0.06074482102165676 -0.06562796348882874 -0.0703973895249698 -0.08459289681496447 -0.10672106726920413 -0.14361615443104306 -0.16620273920757642
-0.11249032484941351 -0.09002405323467533 -0.07093390896203007 -0.06151928451542317 -0.05959823384966222 -0.05887100632731741 -0.06608575635700716 -0.08772568130078862 -0.11405440066234551 -0.13011475764072936 -0.10425024335146392 -0.08888460595179125 -0.07264140912929272 -0.061516314313203375 -0.05708049215981093 -0.05022883837100354 -0.0474781002334926 -0.050267848316215086 -0.05009064351946395 -0.05630949394937596 -0.060493646318205405 -0.04931840148560221 -0.05576519352019328 -0.06364141277148752 -0.07233384131088365 -0.07185224053270818 -0.07617106609603302 -0.07889784876522843 -0.08054123877302112 -0.07736652541853818 -0.07024315705903814 -0.06413398979561177 -0.062075544012908095 -0.05982544576671793 -0.07149696376331607 -0.08197792480487082 -0.08033329610740599 -0.09162294877744498 -0.10179181237721371 -0.12749490322409285 -0.15040088980210592
-0.11493322127141992 -0.09654128236059313 -0.07927738167289257 -0.06703205066641674 -0.07084204052077762 -0.07290927871942439 -0.077140232315652 -0.09421556175979186 -0.12191892101372175 -0.12572121198109867 -0.10045836205796962 -0.08266862200984589 -0.07074258437328823 -0.06386654675319213 -0.05553605821628689 -0.04917237368003423 -0.05427498160663563 -0.05069679926805489 -0.05655751600480472 -0.06418833582467504 -0.059704975843789844 -0.04959156689255107 -0.060776692639788056 -0.0767074403128968 -0.0827091290925554 -0.08385706947719858 -0.08777277394059084 -0.0948520197316618 -0.09333864874975241 -0.08895002190056171 -0.07723471580258721 -0.07203298370471364 -0.07092102848330095 -0.06723894172813513 -0.08032717000962913 -0.10140196543874479 -0.09741141525496755 -0.10797382366778602 -0.12364033721451 -0.13404380418289275 -0.15309632388450567
-0.12944739160557714 -0.10961155426891428 -0.09129516009178751 -0.07484718308089906 -0.08466000916598024 -0.0917002933332685 -0.09326316414270447 -0.10658605214586966 -0.13146983072964868 -0.11632498796437482 -0.09710008787363274 -0.08456529794085073 -0.07324873359020416 -0.06530668657142023 -0.06212291370162296 -0.05846322833923571 -0.0585026221270213 -0.057208518554806624 -0.06360097251045584 -0.06998032626011785 -0.054706987390754344 -0.05204965511767206 -0.05578317043180725 -0.07767665794975843 -0.1022614111466511 -0.09761650837912034 -0.10011082168036305 -0.10936461723990161 -0.11265028587532479 -0.09796991158430868 -0.08467646465043788 -0.08017692774798224 -0.07755156220080132 -0.07573175823954874 -0.0856324245492437 -0.11730901159610925 -0.1210477405820849 -0.12017485338702777 -0.1452112899344683 -0.14337158940002417 -0.16209127004513693
-0.13981100584341466 -0.11598571205754309 -0.10123851583035821 -0.0831867378256193 -0.09894151732818232 -0.11346443948149021 -0.11461260413296483 -0.12638322224492674 -0.13730351612825326 -0.11915601065951563 -0.10337006214122219 -0.09159544092733754 -0.08104778926925135 -0.07574835260880555 -0.07030516805155801 -0.06374499351806687 -0.067168367938773 -0.07247126271080626 -0.07808149813306915 -0.06141201066028455 -0.054604372848311274 -0.059083025744454495 -0.05760845623754526 -0.07092019777771005 -0.09750768111223525 -0.1286639868388985 -0.11602341040108992 -0.12988033963434045 -0.11941742750280528 -0.10487028044869845 -0.09524896163296687 -0.09023085426505277 -0.08997057476876727 -0.0869112478624195 -0.09409252380009588 -0.12209180511437003 -0.14423840236544577 -0.13819088665424303 -0.1427511481070672 -0.16088464636901328 -0.18241973340836637
-0.14703431958460236 -0.13206438545737348 -0.10564835880135738 -0.09537798155913725 -0.11547899248612557 -0.12593035727919294 -0.13827874331472226 -0.14168202016950782 -0.1193776552931973 -0.12186447422623996 -0.11372946077062587 -0.10199258144764164 -0.0931803090543612 -0.08334266048617821 -0.08025241144928108 -0.0780564807191774 -0.08732881935644954 -0.0759476790942993 -0.06054944920448046 -0.0577563590213481 -0.05788046241267684 -0.06476098939752428 -0.06444267221561671 -0.0657165259627823 -0.0787627157034774 -0.1072964523699757 -0.12610816452238988 -0.15633998524409126 -0.13330582431878013 -0.12182872469793445 -0.11020563890245715 -0.10327282120132224 -0.10182036175970062 -0.09730904645879523 -0.10473293572635448 -0.11913865205954119 -0.1428615514737346 -0.1564389403880905 -0.15048813557530832 -0.16179779281781995 -0.18973713382437005
-0.16071334648151678 -0.14083938783611316 -0.11613466171847968 -0.11947611388189402 -0.1317126538609828 -0.14918399917360986 -0.13456880485306202 -0.11849717254074067 -0.10113980850168827 -0.10319507804167086 -0.0998168940896552 -0.08839932028339112 -0.09200445138495512 -0.09641382846042279 -0.09496325332591132 -0.08015521425470994 -0.06833001611561337 -0.0607920243393745 -0.05970671169010949 -0.059938759223816925 -0.06120753151822902 -0.0702612959366627 -0.06937068470319553 -0.06673396092600677 -0.07335064018286364 -0.08975753891773737 -0.11710891075349936 -0.1447308617804476 -0.14684972348867173 -0.1347899315106567 -0.11896515868976876 -0.11728666212208409 -0.1203128262921526 -0.10861623000460606 -0.11509065296609992 -0.12737049946825124 -0.14510424211239634 -0.15890764410962566 -0.17251326282257856 -0.1825232102619459 -0.21365225012559155
-0.158667924625809 -0.1583293653983322 -0.13477433031016112 -0.14031967468353726 -0.1541412265028014 -0.14015637821328297 -0.1259912604953706 -0.10688009041223098 -0.08827548625191646 -0.08570068015707394 -0.08308104241066738 -0.07341654556381769 -0.070356583368253 -0.070345527394579 -0.08850475182945103 -0.06654754843558383 -0.06151767419840245 -0.06370453965186279 -0.06271501992119952 -0.06277430851519356 -0.06254157942972836 -0.0642190495904231 -0.08794069343722827 -0.08074426361445594 -0.08564205110443635 -0.09038101233605131 -0.10880304484812227 -0.1474899025150572 -0.1653635764999199 -0.14613715648350847 -0.13373775314408318 -0.13548119642577433 -0.1331084800787491 -0.11893431476312116 -0.12415648671300586 -0.13593459848457806 -0.15791642322443133 -0.17086330005102948 -0.18168441426449838 -0.1937695559063334 -0.23189441698867827
-0.13393562712028284 -0.16452766521593187 -0.146204528010671 -0.1560293771276064 -0.14440261790479086 -0.12691864052859234 -0.11636804832976848 -0.1099944096117102 -0.0891802407467748 -0.07709710907044734 -0.08148496772760089 -0.06581164517035869 -0.06857044137637244 -0.0779944681464534 -0.07340966416566687 -0.06857587802463624 -0.06324741324634646 -0.06351830956174964 -0.06534509522949818 -0.06450188743428463 -0.06315238739081697 -0.06425297023014957 -0.07400844923209171 -0.09034667965033422 -0.10563180746935365 -0.1044673774941431 -0.12046865665929485 -0.13653512555100739 -0.165655017483393 -0.15995268918823768 -0.1435846760532842 -0.149005126968234 -0.14906535680093794 -0.13497433480436238 -0.13292256081115503 -0.14651526748081622 -0.1706411544416631 -0.18139622249679035 -0.18604813626840055 -0.21916887650149594 -0.23210478208779015
-0.12319162124177406 -0.14882137032982345 -0.1635917471507884 -0.15256499391243222 -0.13400990734882212 -0.11093753954406838 -0.09852011164380131 -0.09041077348695742 -0.08966283601911212 -0.07848424957312317 -0.07299929925311593 -0.06281853802071927 -0.06751485209841201 -0.06397094918654873 -0.06136193058473291 -0.06354195437781443 -0.0650421680708102 -0.06678429688300028 -0.06697874671958447 -0.06897654691114333 -0.06807072482685965 -0.06918979601176817 -0.07990954253624485 -0.07801105177643397 -0.09211893657107909 -0.13221993036790333 -0.14799491157984887 -0.16180915366199958 -0.1745755108427957 -0.1840893677478109 -0.17151501291471558 -0.1681375616295755 -0.1639325060885318 -0.1493267333038328 -0.14381024752934393 -0.16167060597828797 -0.17531081755677094 -0.18699028571667187 -0.19008293996712008 -0.23445258441546726 -0.20981412013719822
