output/Evapotraspirazione_Priestley_Taylor_Raster.asc
NCOLS 187
NROWS 176
XLLCORNER 659300.0
YLLCORNER 5127800.0
CELLSIZE 500.0
NODATA_VALUE -9999
[rows 76 to 94 of 176, columns 0 to 42 of 187]
-9999 0.0 0.06362899252330105 0.1023897800889729 0.132866918398718 0.10725662962126864 0.15246774191887494 0.14830415208523612 0.08599104312655706 0.16166925580332053 0.06934123779517397 0.03447430437357107 0.02041582005229517 0.04429208327254773 0.026035042030331385 0.020533926906201223 0.12793453295791984 0.20660835078065704 0.2509750345235072 0.24105359257999387 0.24343502930156558 0.21594706408896586 0.2173305589975481 0.17687029378030622 0.15693986967657092 0.18702962154942154 0.17531799645523446 0.1716378275699813 0.14475778526413538 0.06990451845321786 0.0902750427451553 0.09579551277663562 0.1350377919973841 0.09472414163458164 0.06689673472771038 0.10444513956031369 0.05263507661280303 0.0768620362780982 0.20507046067749754 0.22160747551636495 0.19616163670842407 0.1559941852861488 0.17678930348543015
-9999 0.0 0.013727869183997068 0.0 0.07858964853139713 0.058536919846896185 0.15398100778078372 0.11187071126713236 0.1518318737321701 0.17827859955300548 0.16686155473733227 0.05667783621907892 0.03570984027727429 0.060228624523524156 0.044110215356535275 0.018329825268657868 0.15688916192942548 0.2306137767998091 0.23599194694271527 0.250421425626736 0.22611893244479642 0.21916596559586074 0.19640481888689013 0.13651335041792467 0.19434209916152362 0.21325021637044925 0.1278846692537833 0.19231457164539983 0.1983567240806237 0.09146773151504373 0.07488010687947902 0.038296521105676364 0.10898302755333686 0.11843504593265426 0.09662533213221655 0.11806549018056955 0.09522227897503607 0.07439652474755605 0.23037760428827986 0.2302132576480371 0.20526248929072025 0.19780033952554546 0.16213328864942192
-9999 0.0 0.06687192874434957 0.053185332171565236 0.03513963650884558 0.024912600793453157 0.018012190544933446 0.0 0.17476491707970748 0.20211914988121593 0.21216646052749588 0.1155648509224064 0.042414786714503494 0.0392511141480379 0.06159395173330987 0.05062155803711698 0.20895945268630983 0.20700060827441494 0.18298611389763797 0.19529098387164728 0.20785313919609016 0.20882439293442007 0.18500259250529508 0.2082551820631987 0.21055474792015122 0.20031006251291042 0.18306983348308054 0.2014168999837948 0.1838652850361336 0.05815290113032481 0.10084411230563553 0.0025458819402013255 0.0 0.09021525385552574 0.12060455825503708 0.10771547994457073 0.05077614930812076 0.042001166218015515 0.22698373715655984 0.23150758564001692 0.21155974940753325 0.201854933520379 0.193375400884112
-9999 0.0 0.11162530015522339 0.13587012765455472 0.12280713578228263 0.024008518703962076 0.013635741680184277 0.0 0.0 0.12092220188261779 0.2135050530257046 0.18077097369851453 0.08770818570010804 0.025870348079026245 0.07678727969075012 0.0909488494021785 0.24089145353213542 0.2378122550760388 0.22206772292834678 0.16340576552802083 0.14006575827268167 0.11096662319550181 0.15443616096065987 0.17798551525325101 0.1972731013801493 0.17530492257609467 0.217754957097902 0.2242876600265788 0.1982732543796196 0.04967853618089998 0.09082657010895144 0.026579952474585524 0.048765101636281255 0.12211395535985518 0.16045526156174028 0.10144157198924673 0.012304851675924355 0.025085978120559727 0.21416990220267676 0.2304369911130778 0.2155879715366029 0.19946892680291406 0.20283235099630673
-9999 0.0 0.12614845713643338 0.15055986010486133 0.17437479315458265 0.10038888635105978 0.04377471546603439 0.05298595971512321 0.07228364823870118 0.0 0.12361204249486774 0.22236146971158624 0.13211537476612162 0.05829314979556969 0.10095187335714456 0.12571390368388288 0.2543943161215039 0.2343598203128628 0.2321104625789484 0.21533982786875863 0.2004909727853574 0.09279362480551992 0.16381167046892708 0.11227945894577723 0.1394938358432311 0.179281662511846 0.20350951028286035 0.20370805397581004 0.18718165315894178 0.025813293381791187 0.05454157480850006 0.058618740189008485 0.058110059968477665 0.17541631009280942 0.17708560019082817 0.03157700960476678 0.01205091224793512 0.01966030467477573 0.1537328652580924 0.23007988891722067 0.20964604437159823 0.21251528223868585 0.21215298298173513
-9999 0.0 0.14368679315960647 0.10143140739327157 0.18341501008268724 0.16715454872706742 0.06191292488657897 0.06583372488720333 0.1360790976415667 0.07680456745140476 0.04011724714293248 0.2126046383143946 0.15295818289674912 0.08598030091356958 0.11006752364666471 0.1848193321729539 0.24974559312110164 0.23375120405920216 0.24432210981155028 0.22235572943254098 0.217696994209038 0.16324065404746482 0.14165945723109727 0.1410500613957973 0.11195648544305593 0.10461781268248734 0.1770028384823104 0.22138134545465407 0.19338148266368466 0.0 0.0666731385459554 0.05175477348399348 0.10346835036341326 0.17892833345683168 0.17678076099258672 0.015498822856907951 0.04134968685260062 0.03619797746581243 0.05927197845907992 0.2168047820955105 0.22269134177955535 0.224446195249077 0.2152966627326906
-9999 0.0 0.1871874435444861 0.11177219037386207 0.1002020258518277 0.16437927682421294 0.1645773531109972 0.04417922171611039 0.1384708267382285 0.15000294978535267 0.10978665388821478 0.156557368553366 0.16687505246675177 0.11280153353759781 0.12195504568835128 0.22807451696099768 0.22826413040416188 0.23030754120572625 0.2461551854196343 0.22729458556731133 0.20164995026844726 0.21318237834095893 0.19458477457246612 0.17399866880341652 0.16077794955989655 0.07558527555657224 0.08589036382643112 0.2032742558535921 0.19350532061753783 0.023754210456031686 0.0533715130379624 0.07451908319824892 0.110681996121782 0.17611962828121236 0.1276254152329863 0.020550794403212377 0.03909861704575032 0.036108041664945516 0.03475991352436264 0.14905752931871327 0.23699856777579345 0.22008829506009364 0.21322997201524768
-9999 0.0 0.18341018034861467 0.14075845619357877 0.08458374539934102 0.15082639031141035 0.21501353215537836 0.08723109014868766 0.1459042700154863 0.17786589266839076 0.15420017747150236 0.13464331775572885 0.14483258044062555 0.14041238275358034 0.17707042432000122 0.23934729299693353 0.2133958512080656 0.23665735708042746 0.23908560077775887 0.2263799630999857 0.1985925101258314 0.2121851031136142 0.22136435016158834 0.19502595350486376 0.1968077600996532 0.17124708614222217 0.031744686814992144 0.14308315492084595 0.134283699319805 0.09310572119279334 0.07460231120312238 0.13767349820536218 0.1046879810671861 0.13640338038008606 0.11316666296021026 0.07566015920759603 0.024920294754248173 0.04229605069289025 0.0387872539531744 0.05527971072948642 0.22641074686850754 0.2264110855628914 0.21474197495954633
-9999 0.0 0.17237664055320637 0.1647386812139371 0.11502027739213688 0.15402677608877482 0.1537219505493794 0.1482874745616215 0.1763772993458624 0.22115060752384083 0.17642655842333285 0.15074426555218395 0.12071991869464327 0.1416458352098559 0.22816677426364157 0.2244610858718013 0.2089024636978963 0.23406710948122475 0.22833843776872279 0.21401144591375068 0.1882777790765145 0.17991550087138933 0.20382012372490657 0.17448510104273668 0.12380899903522047 0.19921821148145777 0.08102337001084407 0.11954307538218117 0.08872263086339492 0.11678299280517039 0.14970777418217593 0.1739695293243067 0.15547918998767274 0.08896455800776787 0.08262399141234808 0.1027368192611339 0.05257376164475279 0.06033027831570651 0.055128081658024304 0.03055891714010101 0.18740653108642547 0.22404389086166465 0.2219694736352609
-9999 0.0 0.17307584155991632 0.15644839078412134 0.1338584050453702 0.1911209535271771 0.14588459670126705 0.1648721645217335 0.19457683420331878 0.23228143728428008 0.2045221222588625 0.14009430708707069 0.14309536796786163 0.15272412999890564 0.23778417660136664 0.22426457366474806 0.21628894079872585 0.2354052189475314 0.24890979077079323 0.2460614951973617 0.18913708595127882 0.20056398789145316 0.1905319702595602 0.1476680435582271 0.08924158688225191 0.18505493439053422 0.17006464178553155 0.15180854594521098 0.10356641263527049 0.13425337014691768 0.1721933492480091 0.1767156262482742 0.1346936501088415 0.1316420540469506 0.05752216617828135 0.05173174305691171 0.049702491865083506 0.02446995114756777 0.05719022110341001 0.05737943664189024 0.1461708961899939 0.2187791979501801 0.23374612605362988
-9999 0.0 0.1546716815589014 0.15475272179196475 0.16935641229777393 0.17949694103868555 0.16672913675779089 0.16811062661646486 0.17998282563227078 0.2075097384525628 0.2253327187940204 0.17925912363382576 0.12179938837885247 0.17189569922217804 0.22199775278422718 0.2336894485953983 0.21448337480343488 0.2360326097857737 0.25119112637210533 0.24864126691086227 0.1573213077276749 0.1832376014206406 0.16029541402533906 0.11276991074501191 0.2119891069306923 0.19177096545718075 0.17325331211068623 0.12098689784542133 0.15546964987963843 0.15237016653125682 0.16728583125088406 0.1848641861515401 0.1252057397401667 0.15072208563485615 0.10279591791732082 0.08391459236389778 0.075738619036828 0.03837333050986552 0.011489136899818892 0.0579601659018329 0.0669720091909878 0.19559771372047435 0.22934031095510277
-9999 0.0 0.12254011037498946 0.1588126488327103 0.16960682552714657 0.16769746252341006 0.17067181460762967 0.172442734757193 0.173860975443887 0.17575657890890026 0.20852465602136336 0.23906990049612828 0.10531900248329802 0.17841710269562172 0.20178990704642397 0.23828597466260468 0.21400234482890115 0.22717200192864653 0.2425768055774264 0.2080165725299818 0.17646825139522726 0.22487842255452256 0.14997597826144726 0.22162662290230525 0.22050382639205174 0.1975352579295115 0.11927760372738745 0.14938912545766386 0.1815300681339822 0.11188348205529196 0.14556169024391596 0.17860384534141271 0.14944222009225094 0.13614386874339887 0.1072225810110701 0.11109543999736081 0.11684190120134212 0.0573263280474532 0.02797655233470358 0.07017894974267423 0.04557087645587475 0.0932065736436489 0.22237654386439018
-9999 0.0 0.08839024757122 0.12779804255374472 0.13193530086947278 0.15312946609881778 0.13046379988192067 0.17019695073526533 0.17525014594966581 0.17737991058229463 0.17920232563859398 0.23676918865846777 0.14536009077013992 0.19585430732718587 0.19557146911656778 0.21927955306434524 0.2101357266486346 0.2120533142309667 0.21325124119604522 0.21358333553990683 0.2185160108163659 0.24036570567711418 0.1725448388995435 0.25018983378454895 0.1964189627392747 0.17064208424939162 0.1262127530929516 0.19390081904467849 0.1851883459572386 0.10865909445996876 0.11930699825431412 0.1643109709493531 0.15667399138408733 0.1468083324532677 0.12821050129883652 0.14609245032879234 0.1470167952344741 0.06698314419560374 0.04685608197948509 0.03885357985289288 0.06872362891502538 0.03843615423088798 0.1654703236196204
-9999 0.0 0.09380956015072611 0.09305810454701777 0.09057671584292565 0.11091052469734947 0.06464009060561604 0.141280762526519 0.17664681336866034 0.18056328725430743 0.18032541383187548 0.19638919630582444 0.18196548516309882 0.2018835110707511 0.19938465611559605 0.204518154814359 0.2088808993032466 0.19055434477135172 0.18115533805282782 0.18061755832344278 0.1851281344998346 0.15874204705609307 0.16028504377886252 0.20828400957635348 0.14690241643509722 0.18289267381878294 0.16583566320954252 0.17363853716617222 0.1698830085080446 0.15907733128709414 0.09372023355308377 0.11392422128679917 0.15038464827734466 0.15260915307763623 0.1452533815817478 0.1636153617558679 0.14238475384046675 0.12108498470403987 0.10485692160942064 0.06373859882735244 0.0609088838084903 0.05076987348075277 0.1070135706404269
-9999 0.0 0.10094118798913285 0.09360414104712622 0.09310476423308858 0.0633038962217972 0.024315759037487603 0.09961515843803039 0.1544420767538137 0.18356536153446773 0.1816711095208628 0.18731191163454164 0.19482647853890697 0.19813643498640868 0.19718509189494451 0.21758124314857288 0.24043357382168024 0.2120374447841285 0.22342604220167914 0.19512281214376898 0.19731357994806184 0.19866436931508505 0.16738578890831457 0.14645529788129777 0.15443114410357134 0.19487035229463281 0.16582598241283864 0.15284238795476657 0.18629523386290842 0.17420510978661247 0.10701485892457459 0.06975238502140083 0.1257333683441589 0.12254363156900737 0.11318508115211512 0.17953617865657992 0.15607484938162441 0.12644157603920458 0.12063175192705797 0.12262463570789986 0.06453087229317053 0.06029697031826463 0.15348947112062186
-9999 0.0 0.11005888172775784 0.07587545472659614 0.1299643902287626 0.042401298401419575 0.0 0.0 0.1270274233147733 0.1823444309314164 0.182430418240153 0.18632164660663694 0.1903815721785952 0.19387802304541102 0.19378371355739551 0.23854805857679948 0.2443369045370236 0.20746168975781182 0.24966369285356393 0.22347282674781446 0.18928113193156504 0.21027408617251236 0.16386632623632577 0.11288081261931389 0.18578640191456833 0.17720424488147382 0.15738014492089 0.19260548207784783 0.18167575411398296 0.17658086672002468 0.15151333381458926 0.08335777432068064 0.14501323030792687 0.06056784405559221 0.02575987857963471 0.15225933109376708 0.14604616036035267 0.13688296817976664 0.11237679973084462 0.14395718334428728 0.08476284795699682 0.08284941863455184 0.20674377808611308
-9999 0.0 0.13139187861138835 0.05462000615813427 0.12379126016583976 0.04887576159002372 0.0 0.0 0.11888632573314008 0.18213868647766554 0.18198400192765363 0.18321609078548987 0.18597040591708305 0.18916118980843488 0.1899722737235233 0.25913922016752 0.2477044843243895 0.2534316521881163 0.2483327224740915 0.1954150092628871 0.18588545277751994 0.18563391509163968 0.1581735972453887 0.15425295782651646 0.1857244456256768 0.1719896633412201 0.16062016236609938 0.17797529926525332 0.1811990121480448 0.18016973642626483 0.17289234074744386 0.12184664958031612 0.15371661380004376 0.07111444711788968 0.0497973436290203 0.09401746732146546 0.11719372412143539 0.11932600933530063 0.10228775525374985 0.1317950798637499 0.07711008738245624 0.09911102647640029 0.23552411724870595
-9999 0.0 0.1458926613948277 0.07585434142527653 0.07328055381026945 0.05513026248084123 0.04183476826887798 0.01930686635511923 0.114544783160968 0.1722564560632145 0.18143880975471147 0.180787789337734 0.18270427026902336 0.1862222917231843 0.1852520965296187 0.2596515590063698 0.24202785069524768 0.2555924846728302 0.25902531439149384 0.17526718085826268 0.16588108459776826 0.17448302518860637 0.1755292421907025 0.17984463062621026 0.16155687151131226 0.17571115033368176 0.20191892350073484 0.13785549971442257 0.1679802420013017 0.16965151691107652 0.17440979555682842 0.16892302013161453 0.1087959863630261 0.07935142556287028 0.1098624299106122 0.059417249868877545 0.11664645926076683 0.11679183232188535 0.12267960314448902 0.13776722217259996 0.1116318462547038 0.10108488211795198 0.24771683151220567
-9999 0.0 0.1499944438103243 0.0757435949972952 0.011266262789499907 0.021048013786602655 0.02212869133046935 0.03276587523312972 0.11711908783314445 0.1648261338387392 0.18118078298239673 0.18058973813642037 0.17976827189363828 0.18411038993825093 0.18602432444991449 0.2621212364103168 0.262201960193773 0.25728699383277076 0.2453587470814048 0.14637679919616092 0.18945809173253034 0.18226945745636908 0.20532136416365335 0.1974672959580463 0.1764211276485064 0.14569081041547374 0.17224727261958636 0.19167017736262124 0.1583164450777978 0.13267982691930277 0.16352143869293437 0.156354303987145 0.12132530548761879 0.12129358052485584 0.10134101173735788 0.030253793589210404 0.09877889571220402 0.12242371066747207 0.13407901092669258 0.1338274191187246 0.1476905545094257 0.1398927916379605 0.23825563659757648
