output/Evapotraspirazione_Priestley_Taylor_Raster.asc
NCOLS 187
NROWS 176
XLLCORNER 659300.0
YLLCORNER 5127800.0
CELLSIZE 500.0
NODATA_VALUE -9999
[rows 152 to 170 of 176, columns 43 to 85 of 187]
0.1936837499043063 0.16690347793616517 0.17035617049110705 0.18106182222404804 0.1813267904076813 0.19163940566592552 0.1845418431895567 0.1730313611835675 0.10057147550984237 0.09215954513748882 0.1739460113603251 0.17494311712484095 0.18686101289525964 0.1734666328542226 0.14332125309351082 0.0815216735385109 0.13282351429545886 0.2254074978983826 0.14735172151570322 0.07778308318277342 0.0979423771971125 0.15608910095503886 0.16405565330162858 0.18248413793430535 0.15940620520454912 0.16043061107080606 0.17887186433821303 0.186238878382796 0.20403814727592995 0.16819205555277056 0.13008743335340567 0.20276873869667708 0.12056849626961036 0.12497425709783486 0.056496020934021916 0.13070200008898292 0.07865572923668171 0.10663597383231412 0.10581586674526566 0.08995591452382647 0.13867740103033208 0.07800051070746142 0.04165196123412596
0.20276453736304587 0.1798583420736703 0.1802613405427164 0.18371727355584289 0.19492522125140035 0.19352968064214618 0.185961085322822 0.16426895565252653 0.10714121024628868 0.10972971697145231 0.13479996508775058 0.18162170175947615 0.17811253549313194 0.1691084791914958 0.12489213323447113 0.15748550222344732 0.0849713555956693 0.22061179830719263 0.168101120121832 0.08951626763214177 0.11581947297574971 0.15054537034893184 0.13171057617286128 0.1936065225706203 0.1750248736828043 0.17497568684940443 0.1889025449726756 0.16029862831267414 0.20839627223104698 0.2089781002611348 0.13145370829494424 0.15937409773600997 0.07193369404876497 0.06992874478564028 0.06080005872380383 0.12420119886085643 0.11935651441615304 0.1281731001107079 0.14878940478854713 0.09188575158395126 0.18664426282427146 0.07942414598937646 0.08331458501826901
0.19683605807708976 0.1812934766182905 0.18462991958492475 0.19287173308322866 0.18070166305974739 0.18415839521576963 0.18211140997433223 0.17045094751499928 0.15273119732545157 0.155619328929523 0.10673810491095831 0.1612007688848472 0.1884838823036705 0.12252177065375926 0.1326360201137557 0.15655574567767586 0.09015483058202925 0.18006360966967977 0.18446247988211692 0.11554635330996862 0.14886333157896486 0.1028429789012361 0.14177198308736452 0.14979245685965625 0.18559375967475955 0.18108507021730097 0.19317564936766468 0.1770504330948009 0.21399285811384153 0.21505265334309812 0.19944976636632997 0.08577588262388632 0.08310090232208951 0.006931219397898339 0.06844133268311563 0.11884803407811112 0.1389514646401324 0.15094209503784695 0.18582427418902725 0.09445584605386508 0.21024370860757338 0.09937241605306282 0.08024369582656636
0.19032551052077795 0.18332548967989856 0.19459494324883 0.21292091769113908 0.15911090561683772 0.1768007968477619 0.16891079884284246 0.1728925153257195 0.1806134408987916 0.19864513584582094 0.1550902027934748 0.12323531524054601 0.18418383582493994 0.11544634398263164 0.13466199220828343 0.12332428064805558 0.1239494158035948 0.14058316991657524 0.16134150743092932 0.1491212834627052 0.15687068698121495 0.1054950259143785 0.1614474507526772 0.11565746633722135 0.1620845595550324 0.15698343777175594 0.16403842369519717 0.18991828548791373 0.21310058680602137 0.20109861888551345 0.20299363975499146 0.13904179495163685 0.07472346580835336 0.012774268857693864 0.062339274484031044 0.05063335457811036 0.0 0.08908329159992018 0.15510259823449182 0.16333490572357917 0.17486541854153695 0.13165015249533427 0.09967241234675263
0.1795249184682232 0.20001055419755176 0.19459755777585497 0.2114150180835772 0.1440685529805485 0.18683326823005306 0.17546841359589926 0.17765168827227398 0.18414668704419448 0.205009060524232 0.20220651949170176 0.17679789725972858 0.18273154701360958 0.12092180834606454 0.09894636307705486 0.10946731558441163 0.1205061919067918 0.15123213637614832 0.1269224069081278 0.16807576605894106 0.14459788171641885 0.12647703196406868 0.15294942853337892 0.1310888695185012 0.1438126159517147 0.11033953589209494 0.14972674738667238 0.1528235244087355 0.20009484491161458 0.19892031093467233 0.19566211429606165 0.16206821015278283 0.11078864462158176 0.048130512110853264 0.06966342522007327 0.05764742161624105 0.07271634418944967 0.04667120101132563 0.06326670056884003 0.13213771546769001 0.16472427016863048 0.1805502871256868 0.08216242695225405
0.1789365105306074 0.2114917242237593 0.16746145415273989 0.19690946015669028 0.14632459209263407 0.20735626324178336 0.20603231688948698 0.17809178710447654 0.1835835900085055 0.15775242155106217 0.17045727382379913 0.19191244452559414 0.2136784899288084 0.1711177884832214 0.05846573386502862 0.11470556632601166 0.1204065821951583 0.14640906311250576 0.12509052144052177 0.1689242664214472 0.15023010286514688 0.15760920176417906 0.16686415219256853 0.13964441495518054 0.1767859660319067 0.10946303133712841 0.12138478505188355 0.10188141890329756 0.16250061690938467 0.20220281704236592 0.1950271593015506 0.1275669053633015 0.1548802918667345 0.08743492017056988 0.08923319040214825 0.07958951759746545 0.07401222840817037 0.08546761196829457 0.08863719258874736 0.06071739968962239 0.121371807176124 0.16599516254875138 0.07887922269899265
0.19520534154730207 0.2066659520718703 0.14854495956250616 0.2189493805944473 0.16635715492619238 0.17774108602191277 0.20027363628870412 0.19373691723107947 0.19467934098196216 0.17012021492968846 0.18431232774286163 0.18335650937376075 0.20348811040652942 0.18602294759082155 0.07173745869151914 0.07818042191639718 0.13305886492607943 0.1385376510817928 0.12856274888978958 0.15107832763975965 0.14566170937374526 0.15217827805849454 0.18996674533676283 0.15452928260451596 0.17867324432065154 0.11632755242095713 0.1039917981285453 0.07314293784408948 0.11647967922635147 0.18077097568998218 0.18506329124252408 0.13774090748376758 0.1395138157807089 0.11939198079305494 0.13080855164194852 0.11456572098096142 0.06367336805922326 0.11105164655368771 0.08635483200218029 0.11371288197400886 0.08292085480977313 0.11670879282813477 0.16997881207857715
0.17747472293089747 0.1945656215899489 0.19944647044352576 0.2492812196716876 0.21801685102906151 0.2102782060974331 0.18563775132588153 0.1791040258149594 0.16931343948391497 0.18856075866114355 0.1944979556602635 0.1970504961906702 0.19603503056003657 0.16732496091072097 0.11733358127329531 0.1070012961269413 0.13072727449919605 0.12043173106702704 0.1439324467053297 0.13529818150285144 0.09918086856158317 0.19124970248188844 0.19442751840748423 0.17384185106525002 0.1737225802969003 0.1032131474792795 0.10041683844643841 0.05750580918771242 0.06810613345575256 0.17028264963650214 0.1797439891315875 0.17271327554157734 0.08639234558897067 0.13472768198405502 0.14914664444329395 0.13204128008932825 0.07926925640717117 0.13510782785498548 0.08280763388651038 0.07699213413389375 0.11636645730102568 0.16212746448975449 0.20892611100266534
0.18340391251361204 0.22028281861182855 0.19146565916932978 0.20791848116474504 0.23597781950655589 0.22579962072072238 0.1962066421309578 0.15009350384261946 0.20011744688974617 0.19579808654875205 0.19695008929871083 0.19019302098589022 0.1628270649837531 0.16554804121292277 0.16764757768141994 0.14492843630942354 0.12568799927986998 0.12168035650060618 0.13750837281864467 0.10766536766843686 0.06875423448834568 0.23690303623322537 0.21124816972821595 0.18921853631596341 0.15186972234800308 0.10617809408532668 0.09240795863712631 0.07308406577604587 0.10184997068900149 0.1785013527754158 0.1742111145969066 0.1788028730877975 0.061089612543130375 0.11117347789761978 0.13233761567559854 0.14363565011858265 0.10765384041851093 0.13967348212201008 0.09466124689851219 0.0773431111727442 0.18161093464194902 0.19559637592474316 0.2063446752830372
0.16656783810683085 0.24601083138601013 0.23689916145993958 0.12577558782675718 0.22211277837520396 0.2276954715061303 0.1907579906726372 0.18966351891629812 0.2151328175170115 0.2018427856290655 0.19507179192975202 0.16771614376034855 0.18280744783608302 0.1690306940935604 0.18291093114945062 0.12970664810464455 0.08681046219159251 0.11081170451475565 0.13287013468033518 0.07353402724029777 0.1263010687874817 0.2328339461581697 0.21974132601322843 0.12804218403419446 0.12963469528960792 0.11332891085257138 0.1080482576636372 0.1452114530515511 0.1775075176153139 0.1634851027794093 0.13624049482090703 0.18115352916286406 0.03294780437452766 0.060473501837421534 0.08584250521124501 0.12926728106454016 0.1646820713505151 0.09341172471996828 0.09568455621693345 0.1745239824324915 0.2072937185205201 0.20051905165851877 0.2193063972926219
0.11248926777167878 0.17626490292376387 0.24896718567434414 0.19208522776211573 0.17009252322892285 0.22202006582215 0.1871335652744139 0.2199271704211787 0.18862695313589187 0.2110568404910688 0.21402385525710796 0.18826423975221523 0.19735649882466208 0.18310561478003912 0.18479000517592598 0.13462416377050931 0.03748312836614828 0.06957888225945034 0.121203061572099 0.07473418440667372 0.19773990644508505 0.21605029522366143 0.17535981391628905 0.08602790290559043 0.1421551864928588 0.12578183374798438 0.17301095373031927 0.2009082221664081 0.18682810332364017 0.15403656296250523 0.11507084053095945 0.1631602709125893 0.04367499135573506 0.06039030237226506 0.05922898083772443 0.07502822661078834 0.177506019126539 0.05831212669425828 0.13388456002038188 0.2352093431506825 0.19669079504017148 0.16216516577766035 0.1721901829911836
0.09049074898344532 0.15309899816425784 0.18355169640006155 0.21385968056430898 0.20894342442326289 0.22202592135917149 0.15004258922889988 0.14945074169990966 0.14232448195870218 0.16270314696955882 0.1727836684183051 0.20954503843330632 0.19577368398753692 0.2086794567503546 0.1881985817166623 0.11538515732563606 0.08779166914829976 0.09883416975449086 0.07327210642307765 0.0439497677119063 0.22135307275282096 0.20013317462581107 0.12631271737435587 0.07137558609671464 0.16872124300071076 0.19263913934310306 0.20156177025740005 0.1961188448506481 0.17345823878836034 0.1360454361404211 0.16332388414815394 0.15294628037973454 0.03338244283361347 0.05189090231089613 0.06050085512609699 0.08624739051113238 0.11659861914627906 0.09876394338791415 0.21376290837552978 0.24181241697414815 0.22692419044873022 0.19072928282816196 0.1353638695214443
0.09435196360274034 0.16119867623227352 0.1701154871961234 0.11272257147107827 0.20413080896792138 0.2606720251520627 0.22825339156693825 0.19351765360589737 0.13285027202515937 0.17614853443412995 0.11887477630796656 0.1555217430318813 0.13646396627788568 0.18569293173526535 0.15907655571775256 0.08862862957167762 0.1413186004667548 0.16475542467134188 0.11175648073009126 0.053212071812256685 0.19168411625659143 0.15286437898769586 0.1313564952084329 0.1316833734859549 0.19904847125531905 0.21451520692162765 0.20490500291337008 0.17762065899649732 0.13228943092849438 0.11170141475561327 0.19479557985659796 0.17926387961290732 0.07481453502813086 0.023301436595589874 0.05878713375929821 0.058338839193222095 0.045909278142694826 0.10333175369449005 0.25749419779756466 0.24065545854628714 0.24294637613295295 0.17656769298660502 0.12742588393304113
0.15091505497987287 0.1487580084531153 0.20947789150316518 0.07301427412380475 0.1372061263646286 0.24012058015365376 0.2417155316842624 0.21360035211023434 0.1769774648375198 0.17615815103335813 0.1790131924373931 0.18212160177709216 0.13734169936141372 0.12405495014201817 0.11101170224050119 0.1587169878256296 0.13106225028494337 0.1802368671264147 0.1436122201308677 0.11041134910849536 0.17120190221488427 0.13058423325025195 0.14748336112842533 0.21290456492636417 0.22104277631083713 0.20570652732806674 0.22294070165949334 0.1018282242353479 0.10149933067440021 0.13365925883662244 0.21100520268098288 0.17802528235817705 0.1251257213270607 0.05074390063482385 0.07829074174940066 0.029672928070769523 0.024526283810559588 0.09397446677010098 0.2608009915984648 0.2469129671469737 0.1885246562686404 0.1648216910143976 0.14974401988664282
0.18863879242965423 0.17375051358436244 0.21468109951523304 0.11777965155913447 0.10580896849518547 0.18608766518655417 0.23513714085465573 0.2146278743332238 0.22240956096884473 0.1557747748742092 0.21580469435344463 0.16983474996763628 0.15724800653234472 0.1170501311072014 0.11617326273537827 0.19185338491937118 0.13852334340572517 0.16818277755962355 0.16423851021051622 0.17268965042642442 0.18194280695959297 0.1209332681478525 0.08953240326513336 0.22788447993993868 0.2468353133135587 0.2269355662483548 0.21367447129685727 0.07578325236770798 0.061942264620065905 0.1598792692912993 0.21642175243816775 0.18994862622304065 0.1357385107091388 0.11342473249405265 0.04675413789269786 0.04109503813820559 0.02145435388470865 0.11017298374153969 0.22215446289966287 0.2303955547871792 0.1717578888075554 0.17417873733417463 0.15805527670440475
0.15475745698606147 0.15596685607854988 0.17185056161104717 0.14758442999447113 0.10487601163298124 0.1165665044576027 0.19965714999169176 0.2053390171120558 0.21326016645509963 0.16518417580220177 0.2381889647978193 0.14966822783704734 0.16395410752617817 0.15911535750995676 0.14356214418448796 0.16711694787107542 0.163029574867195 0.17522178243049566 0.19119964450946314 0.2156163988869051 0.1914449697828792 0.1034988748501271 0.05673432316748193 0.18863034043084767 0.2604876736245459 0.2538893735699214 0.196934870593801 0.08693408586693709 0.03994050789067425 0.1653685093274457 0.2317895225303937 0.1968719820738412 0.0705431056274712 0.18645717158173378 0.021393872818404897 0.020481408224822174 0.031360075695962525 0.14584480640602826 0.19463576962511348 0.2152081208885152 0.16401578081283769 0.17426482145627575 0.16090309030699876
0.20019263165601753 0.15521905007818915 0.14023070372581914 0.15731781263510583 0.1408975613858068 0.10300027577540988 0.0861551179879659 0.17551597325206894 0.22275403081541992 0.17766698370484893 0.22684248185223446 0.1388545095984141 0.16468002991606814 0.17689828060365773 0.1553902996991295 0.16746696699678854 0.1563810378910361 0.1731994134697427 0.21234684206308063 0.2292052874541786 0.21048824462992924 0.10541114267324642 0.08333762566801652 0.16098746336574946 0.2595679271834224 0.24159521985327553 0.22162849630800796 0.07873845135640566 0.02081425469292612 0.22608425297371265 0.22368833293244542 0.1762361674958421 0.0 0.19750719960003832 0.11539890290561274 1.0375871603069458E-4 0.034559134068653304 0.1778117310454515 0.20923346798691936 0.2386364154183196 0.14884021326751615 0.15035122737469234 0.15019673889495916
0.17741314294349697 0.1807338367214353 0.12883834303533934 0.15024957349212473 0.1522627453207126 0.13677387888144688 0.07506025624620428 0.06752094561148839 0.24100264842953587 0.22228968531960794 0.1549913633364512 0.13624675072984857 0.17035809393243087 0.17984177439170776 0.15907416787038536 0.15728891108259047 0.16516950290974064 0.18107706781320632 0.20920455034155205 0.18754945576700424 0.20364323078043103 0.13802341051952066 0.15241115953188294 0.1433401463006792 0.23895754124257582 0.2622938629326672 0.23196362833712483 0.06295967024857486 0.06418253497192376 0.26172170772004966 0.24511788796026862 0.12386971163862528 0.007517447008587872 0.0 0.17234685586237491 0.03817857761284914 0.09948604948411904 0.18808057378927895 0.2194799679814522 0.271182901439887 0.22431836755710058 0.18875254317102336 0.1497990569410128
0.12906137990547478 0.16570305363868923 0.1272859186519861 0.16442809867810493 0.1500194398371839 0.1206218201812291 0.134603762825639 0.05333064911987759 0.22917213283661364 0.24630735270548676 0.13691991840667317 0.16464026023905579 0.17964975931872385 0.1667830657292007 0.14652044674234724 0.15707203152465507 0.1651210749656602 0.2021693621190286 0.19707150642978205 0.15492298066799248 0.20436523163598455 0.1531974534641597 0.20616029007667475 0.13402223645372005 0.23792948494842353 0.2545005751647325 0.19281178708530675 0.08802600783878278 0.11824896500493046 0.2678442622810109 0.22774497076762698 0.11906340380296747 0.06376711633023953 0.03833745578738334 0.1595568639508269 0.11303587288261863 0.1761360717927602 0.19335825754998207 0.21494234030616696 0.2392869031860469 0.23579140781130442 0.20428294688553206 0.18705614839424
