output/Evapotraspirazione_Priestley_Taylor_Raster.asc
NCOLS 187
NROWS 176
XLLCORNER 659300.0
YLLCORNER 5127800.0
CELLSIZE 500.0
NODATA_VALUE -9999
[rows 0 to 18 of 176, columns 86 to 128 of 187]
-9999 -9999 -9999 -9999 -9999 -9999 -9999 -9999 -9999 -9999 -9999 -9999 -9999 -9999 -9999 -9999 -9999 -9999 -9999 -9999 -9999 -9999 -9999 -9999 -9999 -9999 -9999 -9999 -9999 -9999 -9999 -9999 -9999 -9999 -9999 -9999 -9999 -9999 -9999 -9999 -9999 -9999 -9999
0.0 0.0 0.0 0.0 0.0 0.0 0.0 0.0 0.0 0.0 0.0 0.0 0.0 0.03383209498460163 0.02315311887177631 0.012941972348511506 0.015120931235580733 0.012492021664959945 0.0 0.0 0.0 0.0 0.0 0.0 0.0035092566779033954 0.0 0.0 0.0 0.0 0.0 0.0 0.03945705469949978 0.010629782113443424 0.031946082340566485 0.029905748889995268 0.0 0.0 0.0 0.0 0.0 0.0 0.0 0.0
0.054860125078161265 0.09277643832919848 0.07107018251677073 0.05397266218277659 0.044053727311625844 0.07012248360508298 0.05755160120599303 0.1004113336834423 0.1972898965447287 0.20618871172984407 0.05009812431250692 0.01637896256874393 0.0028976553296993814 0.18793040534399288 0.23303978492465224 0.22213212593916565 0.2177593819923342 0.18018411843377577 0.18561394578870247 0.1763182669907625 0.10018578936517634 0.08690123593065338 0.04272914619341962 0.09220418356122692 0.13727310133452772 0.15728059943898692 0.020227615259362567 0.03209386813352712 0.02296597404750493 0.039826274778844505 0.06498676122351191 0.19281944436771153 0.20493576719340792 0.2011098142350052 0.183410104057346 0.1669972017388783 0.04403061528011536 0.051890652585527705 0.06482322763909024 0.06994588290557976 0.13062050428701205 0.13413923284802387 0.15426100699264117
0.08351734923349634 0.07745223566113206 0.08378823879254026 0.07109313099074484 0.05201441789810911 0.051307677463710996 0.07126199123499696 0.18548063491303426 0.18008084299167368 0.19203666573732175 0.03880378562117551 0.04354059384070058 0.0 0.04426764328654719 0.20143620934601697 0.23596714166685614 0.23032394870735765 0.20967438557922194 0.18866428413517408 0.18321194003534083 0.15389229771294372 0.14028738581413547 0.09373883799290096 0.07661109291200753 0.10122186913996514 0.15552844967638943 0.1479927903999694 0.0838939447708746 0.0 0.029283826143052482 0.05454116410461456 0.06450117078129279 0.17299459368582595 0.20171128652350376 0.1737275804280676 0.18588146571614025 0.09904722221554726 0.03475758047792772 0.06835369857098915 0.07871738900585294 0.08789841239850348 0.08479420719979455 0.11094682881082543
0.13531559866965612 0.05021675184802599 0.0656483882219314 0.09774361450097395 0.0348294645593194 0.07673577043871417 0.14590480606048242 0.2077525311118131 0.17853315959507313 0.17615084704822057 0.06016340181952266 0.04409014563258174 0.047724434600552215 0.0 0.0 0.21010246569005644 0.2563505261926315 0.1922099379095956 0.19959239426754755 0.1835507139212156 0.15862943114926037 0.14468220558571815 0.08965744779121845 0.08675117113374232 0.11121325520623694 0.18707606327723766 0.16131145256595017 0.1698974621384114 0.05709634310042315 0.0 0.07891980024982859 0.06991682835560968 0.09552751027883226 0.16941227345637025 0.16822563542629532 0.17805130293628812 0.15847112026705942 0.07884564831936947 0.021886618699320105 0.0 0.12903994577047523 0.14547234660956807 0.09682764016277073
0.1796520627291684 0.05059328304326569 0.05700686134074873 0.07066256274538596 0.03280914789443671 0.1278388423841651 0.19412101323930778 0.2240283045265559 0.17881750284287412 0.160310420315869 0.040532092890444155 0.06267909709467268 0.08082914230346831 0.025078289397198073 0.024028529388725406 0.060270031727731974 0.24953896802764916 0.17883319394608257 0.21894471667009213 0.20403232070258417 0.1749177116967777 0.13628528002743173 0.08671567524385727 0.09392453529058112 0.149407565308177 0.20754113660635937 0.16477105390111094 0.15633525123109318 0.15746137141041694 0.019361378513183484 0.0 0.0 0.09698450153606876 0.12141800303916962 0.16330541005923552 0.15499514954806928 0.16394559505175824 0.12959960104518167 0.028444686049100838 0.03543697095909874 0.11704379193966608 0.15730688630274373 0.13714795723381357
0.18322996896955254 0.09383630660198106 0.06959030718881908 0.04757319705254104 0.08531803263550186 0.13909566452633906 0.19812503806288279 0.2350432298050792 0.1876341276338026 0.17996144507618822 0.07538616706245194 0.05473128734380935 0.061153279926961665 0.053417809284701814 0.06903377772109809 0.02605194023215387 0.14689682100277016 0.12018433753621749 0.15037015768984804 0.19977730341129726 0.17210856876896172 0.1447084965664626 0.11294775590798446 0.1278568413771026 0.16055164589144483 0.19973060219177757 0.1818955129610424 0.16278267455176632 0.16495822658210732 0.11691527158685738 0.06100627650399534 0.04012742859502405 0.07203329387509458 0.08170521254560145 0.15343793838059983 0.13979651957857908 0.14227695751569358 0.11502245334448898 0.028652469853699836 0.040684440396920964 0.10492837979562275 0.1451063127758626 0.17566416094507567
0.11697804752208446 0.11275600857753246 0.0633188632654215 0.12235511534843929 0.154842656050913 0.05597128077075107 0.1743985186551039 0.23808051381628575 0.19558519901274818 0.17213555167549552 0.17263628758428828 0.05538615629954479 0.05064137443119292 0.05957344143351517 0.0 0.009977747415977907 0.11945580526861097 0.13226521145650813 0.05953456474346496 0.11059292429612334 0.17444240588820809 0.1738902794245456 0.1594722627586701 0.18868300513538158 0.09785067466797884 0.15331528954816095 0.1872642315051109 0.17297488901992525 0.16538242101637626 0.14562822141932083 0.11923390086212589 0.06989596792223121 0.05452415918114735 0.06004264194560175 0.11974268633004496 0.10994579478079206 0.08302176348218823 0.13829346906123705 0.0658967313048119 0.02491014546726437 0.07143281914415238 0.12529710889158116 0.19554605682468992
0.05511698489542006 0.06119621605874918 0.1109548228521723 0.17142939291939976 0.1465196740420678 0.0 0.0 0.2098499174523319 0.21919722801914224 0.19383496181933924 0.18636589421219166 0.15932470936360857 0.09376396267243922 0.053263402655647794 0.05275934350927845 0.03492590900958566 0.07976546873086975 0.12555671771620636 0.07425357709884763 0.03116393792595085 0.08862491894666995 0.16939893192832867 0.13752596315706184 0.2214357916723992 0.16468726545761972 0.09325364407231958 0.13847342769996265 0.17132910476140029 0.16442173028927426 0.15296506472673582 0.14950785873335204 0.09616615132243667 0.06057992908688697 0.08279058676653198 0.08192795873233048 0.056834577581220735 0.07969046863922385 0.1429136006467267 0.14319433755203478 0.013896142138425186 0.03404770098979549 0.0896758719519229 0.20174096128949964
0.06383846631650096 0.04706837047970927 0.18699805255227367 0.19066505716739376 0.14245397194608947 0.01641322788951428 0.0 0.10112168344472186 0.23034573127212374 0.21658854056352125 0.184863287764388 0.19081053027979636 0.1364664486461903 0.1149003441121801 0.05982252164359699 0.0351514524754537 0.0795297664362438 0.10020648035266115 0.06204434750141808 0.04441927113790923 0.07191206186692298 0.178178429438673 0.04690369257282118 0.18849174027612067 0.20040908288707182 0.13481776916513322 0.09393842086735411 0.1403089030084009 0.14365261154009312 0.1534224697727786 0.15663638038476213 0.08784645732210682 0.026716524432685858 0.10189875670867161 0.05134823062110055 0.07314513878637159 0.07179245314529689 0.13009688461107008 0.16485227714761186 0.07296875569325317 0.020276549254846683 0.040781659232628664 0.15678684004076032
0.030463043308528653 0.06146575990143816 0.2160143050762916 0.20481767619295485 0.16566123254308565 0.04760724966523275 0.0 0.02739113796227315 0.14551271724597045 0.23566602809562195 0.20766067801273613 0.15489103138004484 0.15857345669433293 0.1703995901953447 0.12379624266302904 0.08941627793495564 0.06268468457912707 0.08256967708638502 0.055444221355511615 0.054132989111390035 0.08829325237606382 0.18661530731793574 0.05555445950035579 0.11238576538698877 0.19376902686435776 0.1729924006259548 0.0853150393941554 0.10745489380091339 0.12977097994179787 0.13869173047204356 0.14290634845910752 0.12033506749709229 0.0 0.0960555441497538 0.07495895167465907 0.07712847548357583 0.07127957612813506 0.10342191631836482 0.165108158219148 0.16839788663593236 0.036033707967262775 0.0027770114624527773 0.07451473474634741
0.031488145584620354 0.09523668611116946 0.20188125293390782 0.19037146700599433 0.19257684186576315 0.14675919350289474 0.0 0.014734566492697202 0.029766024171423697 0.20033644665795927 0.22100519395480445 0.18818101341514687 0.16666478797318826 0.15725413923918372 0.13868363545076753 0.15942024985507108 0.0880310552357381 0.04508642387539765 0.07575214873214398 0.07314566426686188 0.10234297116792496 0.16299434826938497 0.07921316262683571 0.07877341488188222 0.1862040789584498 0.18308020820834345 0.13663029463941365 0.06290108553811086 0.11333961863545317 0.07034422426642503 0.12521190497078766 0.16322576099314348 0.01771742480432577 0.0 0.09312876459494937 0.0806945237333339 0.05462427700028815 0.08389261718780497 0.1591987360264418 0.20572554131140916 0.08953759284786003 0.029672404377401485 0.03027947465351905
0.08252853112835791 0.14447869403073627 0.16656524536759906 0.12151990053112673 0.17840187028137378 0.19616723103475475 0.03118299969232695 0.042071620650427334 0.0 0.06815738986723789 0.22647155611922007 0.21762502828446664 0.14907667778378816 0.14493732214346242 0.15974462843643328 0.1776356404363989 0.14110613801201607 0.045262807708083844 0.0807396875392233 0.0776318718751946 0.10232129863921849 0.13719446639869012 0.07606435493955943 0.0774236663528468 0.1572900268145115 0.16472090801992476 0.15454941375721357 0.0724210313465234 0.1041000108490455 0.027548939453551732 0.10621474854867403 0.15894750277184674 0.10055148459207017 0.03611886869292028 0.07646403658541097 0.11821520172680469 0.07442270306057558 0.039771625037762465 0.1062904540669573 0.2244170749860042 0.13359510975015168 0.08121740916427105 0.05559401313905713
0.1427285341327651 0.1654471679477208 0.16398265747262408 0.06697359489881932 0.0920282955441862 0.19905406228212258 0.12615207870498932 0.02810510927264711 0.0 0.006569388148870967 0.0 0.21613097012910204 0.1874237866618671 0.15622629120757817 0.15516341704480305 0.16697613395619118 0.15601782589599622 0.06686916149943188 0.04836231762418401 0.07924228059890552 0.09184567547169521 0.08602226281226753 0.07031527439462767 0.07925179554228505 0.13425630429599192 0.1553909280456482 0.06863582965075364 0.08952150691791913 0.11758928551219629 0.030877350532988197 0.07675203460347103 0.17657115151529634 0.17482966840203087 0.009467364203448736 0.055642150473106694 0.09847823848579985 0.17023844714701936 0.010143076806325852 0.03904419037999353 0.22130165483963932 0.19264756631531443 0.07174020866048872 0.09093649912482694
0.15266395712728595 0.15851917339786625 0.18219926989545712 0.12181362000521037 0.06964524912993321 0.14146138408612952 0.17864325221407482 0.019829075595318324 0.018086323502332996 0.021914780198721135 0.0 0.16908734691529925 0.21787154475069223 0.18485954119470088 0.16414720543648711 0.15866658717304102 0.15157589370390892 0.11285228230999107 0.04425586047762394 0.08462532350738484 0.09656045437789514 0.08380739912384723 0.037865711120292314 0.038548970682300454 0.10588250521351646 0.1524877976477262 0.01311294915140641 0.09988791130773964 0.131152786915113 0.07154106146191991 0.05447854557610296 0.17789386244459998 0.1886927736917551 0.06845160386113613 0.029696477179787947 0.02009503642874759 0.20109690513492945 0.09297095264161435 0.0 0.0 0.22161625928979312 0.07728641125425487 0.10800270764008939
0.1534867406334775 0.16776625212013813 0.14681142195321378 0.13703239337233544 0.10633423819530786 0.1281474259728082 0.1568615265655516 0.08967871044514626 0.04985238687582103 0.07057004345121354 0.03040951820786215 0.0798334226552009 0.1937499069095262 0.1962504363458172 0.17577364192926515 0.16322529047884132 0.1512698556971919 0.11130191988722715 0.0632490205709404 0.09569444240745105 0.10901241239736432 0.13297742122487208 0.05845343747226539 0.03424833646332813 0.08325233380628932 0.15185881827395828 0.03828940731382853 0.0842296630707552 0.0899438982515246 0.16968953699665257 0.03687882724422806 0.10127888112662453 0.1728010379325739 0.1275479165751334 0.1253351571550735 0.0 0.09589056546989055 0.21577630991614583 0.02411497440118975 0.014833362509102105 0.1995037757574434 0.10910406237470396 0.13369425044696176
0.13923657775268058 0.16427661878827846 0.12441608182304768 0.1422839275946298 0.12951214015640372 0.17700854195746965 0.1836510839042146 0.15820137169754045 0.037844474998351064 0.08470122494612886 0.040979977129341774 0.06457947699815177 0.12061613990857414 0.17271478679376445 0.16864127844977744 0.1612672695077788 0.13625210251640968 0.09841185686789929 0.07054567023934756 0.08357931739694446 0.12532122177426852 0.1327721081317307 0.0662421141492118 0.050633073555797735 0.07601462507096418 0.16032027623414064 0.1046429495625364 0.021856590611400613 0.05113423589292486 0.20381811607100375 0.14637754686917892 0.012718302547469458 0.09975096496170299 0.08896032839865398 0.21192631564627115 0.06337023254793091 0.0 0.22032693003486797 0.10574119650228635 0.019969782686121762 0.12166014213887197 0.14028338588633077 0.1883467654378209
0.15163966721275296 0.17116030662440668 0.16796227161060429 0.1600977637248476 0.1357955252326362 0.13988509316269981 0.13686793100296588 0.1254998769429181 0.03147826265585365 0.01793500566940564 0.0 0.06889679121313494 0.11697110283585394 0.14148452341154033 0.14882090235102477 0.15517328130339034 0.07249529965662606 0.12282579505133691 0.09299553151291982 0.08996345337912988 0.12524918364847565 0.14715398849401007 0.09189649123615508 0.0423940759363477 0.05613467366007268 0.16951866824165387 0.17430901337472263 0.018281712952918895 0.02733449321569223 0.14442400202171396 0.2141171402053046 0.07832889105270227 0.01179155250514923 0.012739542711273859 0.20297470023677006 0.20723045089923228 0.0 0.0 0.15702401807527394 0.05566810334371897 0.12061639104637983 0.19676779893602536 0.21093982726192892
0.13599878761013443 0.13247389841651014 0.14536098754255228 0.16944182104875874 0.16930412914351814 0.13118491360153267 0.1455417315371461 0.12458353733907088 0.10130419847534104 0.019582588911250653 0.04118015534959701 0.06824212311202253 0.096827700396046 0.13292191917770074 0.09165353284296232 0.10830600269783608 0.05447718913445172 0.10816540540464344 0.11110429840909378 0.11668901605860826 0.13460529522481127 0.15381365827140447 0.13028110232056828 0.020212138616875236 0.05250732978699836 0.14155088116073558 0.17201437229693897 0.13172281676441133 0.03297417211231124 0.03178339687953625 0.21672622219537407 0.1880218462278357 0.022394703253533845 0.0 0.05133516954417593 0.22470547369510915 0.11858236684852169 0.018622322025587112 0.1125004663679443 0.08356641827546883 0.17417526466957722 0.22793407055683249 0.2265726521594022
