output/Evapotraspirazione_Priestley_Taylor_Raster.asc
NCOLS 187
NROWS 176
XLLCORNER 659300.0
YLLCORNER 5127800.0
CELLSIZE 500.0
NODATA_VALUE -9999
[rows 133 to 151 of 176, columns 0 to 42 of 187]
-9999 0.0 0.06764859679192958 0.12254114459498305 0.17082941706450194 0.19386805999038267 0.10315946649958663 0.061640108606349046 0.169698392041098 0.20501002943086824 0.18885742369833736 0.22300094745519816 0.17150765317048758 0.1855864082915039 0.08242621271547716 0.20071924732850022 0.19906818795842596 0.16421087263182668 0.17780916573259023 0.14395634931657467 0.17248024435877268 0.00528736589064451 0.019384824601220943 0.045585802599021494 0.10829114838293573 0.12896454325110973 0.1487989318747651 0.15111240013151833 0.17034130132257486 0.1878783850512845 0.1916416117574537 0.1704090728433503 0.16126613122247396 0.18115280693422106 0.10427872730856055 0.17862619519501477 0.1793673459166629 0.1806955441110257 0.18166622403944738 0.20840313889259263 0.24244189103498906 0.2727519074836624 0.23806556407234497
-9999 0.0 0.05142433554745038 0.092078817940825 0.2041833248845739 0.19595701298575036 0.09740470693604918 0.12012083308660841 0.10731247806471887 0.2193262741802472 0.20539393575027706 0.20643070923945864 0.16770104435072536 0.15580372602999049 0.11187540447506719 0.21470307725958002 0.18836864942733175 0.16778432386107237 0.18609278483405622 0.1284993416475885 0.19051029404220976 0.0557572212697626 0.0 0.04523479831939712 0.08818631313599129 0.1439682577016706 0.14517943020162913 0.15519496838389382 0.15972466579901448 0.20147477757446644 0.18908204815456994 0.17360192582211587 0.1711538623132193 0.15164042740415953 0.11358179649975636 0.17978039297188678 0.17896718448887272 0.1802165898983834 0.18103069123054422 0.2428674436322017 0.2699211313981271 0.2803949467574713 0.2445433515726324
-9999 0.0 0.06125154019992371 0.1049287528735489 0.1922100912190887 0.17378083283451468 0.12149845681624527 0.17397213964508876 0.07984770754768812 0.2282937942351778 0.22600071232668997 0.1840993641086977 0.1750280223919152 0.10586134970668645 0.17942317400495097 0.19615566611198024 0.16837936096143982 0.19577912192741204 0.16639374742106705 0.15854850467161524 0.18383718799656007 0.11425956665887153 0.0 0.044786868087618316 0.08188578465041105 0.1493975957041756 0.13784821517801016 0.15830224466965698 0.17161082029490374 0.19713948791842748 0.1853842570129326 0.18715744420703 0.17740980000239534 0.12212210185820277 0.1254737476619657 0.17973715159424727 0.17906130615671179 0.17995530760665962 0.18082400960151113 0.21780334182064204 0.2886264362965032 0.25594349893936463 0.24590487203732123
-9999 0.0 0.10482406331404927 0.126466248463373 0.15324370900678205 0.15707903658680458 0.15202738763168303 0.19692209059788104 0.07160698995980437 0.23631352451020213 0.23154604031329076 0.18719685965049343 0.16770400574411448 0.09648574537686729 0.1884996257838878 0.18120896409308285 0.1889120417914741 0.20627367955846157 0.15896751177291962 0.17334032183525233 0.1486621783146196 0.11758268901065325 0.0 0.0 0.08840633706241496 0.14673128463312485 0.14410051198781204 0.14174600878678226 0.17197102470834064 0.19401077063639297 0.1841595044509492 0.19413927304939052 0.18150006369331984 0.12470001450382151 0.10068874332306177 0.17803617644471834 0.17937649039984585 0.1794863542611088 0.18016033933631595 0.19463110300096512 0.2672333909742147 0.2598235314395575 0.23295625667768274
-9999 0.0 0.1184458387343846 0.1103463307128446 0.12555261797853653 0.1413593377891375 0.16432798604191734 0.20021695240329296 0.06792966485746008 0.2398664584903345 0.21928742583437183 0.1849883304797889 0.14485009332112983 0.13027460692041262 0.19072585101509848 0.16871780137296 0.18101895480286148 0.17671783295738827 0.15925438129656924 0.14975365441436916 0.11411409201413514 0.0214765516767331 0.04970322388790783 0.09520316404490056 0.0905027098041692 0.13498295345068026 0.15530121934990543 0.14759582535117147 0.16805703224239807 0.1887737857640439 0.18918599443125672 0.19457877823792658 0.18411908787264336 0.15335738805340388 0.06813872831187812 0.17660978860533602 0.1800007621069 0.17962047334296422 0.17947280698720372 0.1801441417053856 0.20382332780285237 0.28801254389344977 0.23713587014819626
-9999 0.0 0.10776501822681422 0.1206778743668572 0.12948561451552879 0.12512012866494454 0.15666887052126527 0.2015685361269196 0.1212108603849752 0.23399621784911454 0.19402477568763563 0.15021191090181038 0.16593993041018565 0.15018292501167665 0.2198890761048487 0.20389642150049073 0.18893843833164634 0.18117583676229781 0.17401813965473775 0.15736057105748785 0.1531320543272278 0.0 0.0 0.08009093709434743 0.10822585711967717 0.09210732870364713 0.14568725168878965 0.14838976848545052 0.171510275254914 0.1868578744128838 0.1902204744692621 0.19247854874167653 0.17812223573839459 0.18427019163696903 0.08032849489002683 0.08468232166133115 0.18033968230277828 0.1797944571229865 0.17944114168609412 0.1798193245018254 0.18389689543068277 0.2592180345677167 0.251612177332788
-9999 0.0 0.07544337170379295 0.12568438084123273 0.13710608407442257 0.12170330063603825 0.14829886034891865 0.21065873790427445 0.1755595788285348 0.19780321067155524 0.1945771317057111 0.14231454657204815 0.1787659290263504 0.1420912825953387 0.19694685967322553 0.18878791495942313 0.18449157761198154 0.1825320587393602 0.17863580156203582 0.16503236581324554 0.17638901468128962 0.008229686321819616 0.011241264402693883 0.06524439123663228 0.1400860497562837 0.03969934138754774 0.13988369916451115 0.14833930979788862 0.18548731366782023 0.18788565678733055 0.19182045883305313 0.19172866003292088 0.17664468835756106 0.2105120915051824 0.16852225544085842 0.020498346376067924 0.16297065402092328 0.1797423308093568 0.1797299208355829 0.1794877426875023 0.1858482499199625 0.2191370425221577 0.2602494991997097
-9999 0.0 0.10366257169318406 0.13093853295625665 0.13814522528137393 0.1324922269607363 0.1719629548480185 0.20670083573264003 0.19669598795104928 0.17757481456163182 0.20054236443772647 0.18244239750684105 0.1822857131504173 0.1848937272286793 0.1627455410902702 0.15839107498608432 0.1848034018548552 0.17890646239504363 0.17938028410446577 0.17327822586642186 0.17679216834835998 0.03699726196799897 0.004068731323274544 0.07496518262478402 0.17144137735195758 0.023256439942529867 0.1377530650496718 0.14573223959289877 0.19214095997355574 0.1853231689797444 0.19463998722609302 0.18720751907756736 0.18431627841216258 0.1952172467267698 0.18430013023932765 0.020802672261614905 0.16769679656829672 0.18090929118349947 0.18001799307934505 0.17976121158629285 0.1816765615707588 0.23588677698456434 0.2492501748160878
-9999 0.0 0.13795795744512593 0.1298226497256111 0.1428584272093625 0.1348822843206476 0.2049961146072603 0.19480609304159105 0.2041276241352299 0.18470251573305987 0.19967587511081675 0.18992860094501188 0.1799670668654189 0.21502783522247967 0.1642537676898088 0.15107637542765304 0.17427881099091194 0.1816305139800266 0.17866850469206402 0.1705634482367033 0.16954651041186922 1.265497628401202E-4 0.04363388422306146 0.06883358412230872 0.17768332044953644 0.03681474900632948 0.15626637681790784 0.14551427764862432 0.19014447766934808 0.1931083683763661 0.18554775783140204 0.20607487893629806 0.18737467768366003 0.1827727409722762 0.1857245234357879 0.008075649604799296 0.18178778750686966 0.18148177449224795 0.18067114794835856 0.18049070333599665 0.18161352179186746 0.2627044202572627 0.24975230612416827
-9999 0.0 0.14279399742398488 0.12900924712365164 0.1558444408809587 0.13336456411361988 0.2055848787882721 0.19411753265940784 0.2027888836364079 0.18016936298480035 0.1944652973760426 0.18993054947392282 0.1867085411305993 0.2161987992202907 0.17792377346932672 0.13549566196150611 0.18042254001269528 0.19169858310337523 0.17782880098046647 0.16872874464541712 0.1110067255271237 0.0 0.0 0.0782127292229876 0.16148118065931677 0.07858076734816802 0.15727663379649867 0.15286128502170043 0.1898868932175279 0.19798265692234385 0.19387334139831142 0.21201948976483373 0.16481126305393534 0.19364774478367405 0.16019012414184253 0.031725927119422896 0.1839818826130272 0.1815657052397375 0.18086207766645657 0.18443369882685787 0.18428236650304813 0.2647025127962674 0.2563303315558123
-9999 0.0 0.12668136899851612 0.14713697264348388 0.16265745925135694 0.14733222380027391 0.21228374156822272 0.20244007725877525 0.18905153614040418 0.17239931983331827 0.1914179838245802 0.19136283801746762 0.1922832819601886 0.21076055673550192 0.1881428165077114 0.11235807895997002 0.1878573698504463 0.201747183243927 0.18054343999183764 0.16120469078706368 0.04099411703247978 0.004968176264470891 0.13182070361404583 0.09907208034633394 0.1348624933110312 0.13263698471944307 0.1580064728863373 0.15719292890713557 0.18894221102301326 0.2023131464160971 0.20120077471340403 0.20068269941398392 0.16026066158016114 0.20643188802933155 0.10782950672822615 0.09517503403347179 0.18344450876390483 0.18140843442312404 0.18228964905274841 0.19000808567801314 0.19867559644342253 0.25269866068948815 0.2732729019155012
-9999 0.0 0.13719246440182542 0.15473977906908548 0.15336246432607517 0.19662481804016219 0.19678980055842135 0.20464286239288584 0.19399545194693266 0.16782589047648017 0.1944753613904444 0.1919817504262748 0.1891333196595888 0.20035567296368778 0.17964196307442135 0.12681117366951114 0.18574071656168445 0.20036015464606288 0.16921254392045934 0.1612290538031229 0.07629630364143754 0.0 0.08806988596759703 0.10919490206913574 0.1307545890721873 0.1473736035980635 0.15921070121411482 0.1520450564224764 0.2012518931281179 0.2112024294473697 0.19941786756469443 0.17981562007504628 0.18549456180087684 0.17922890871983926 0.04589877055260781 0.16155974971947673 0.1831218556444044 0.18176291158616456 0.18386899125746556 0.19179827256103046 0.2402302038413562 0.1677233935322274 0.21620102021543006
-9999 0.0 0.1453043268390405 0.1592219721564758 0.1807677767016494 0.19854792587509745 0.1781977475641022 0.1784755576150357 0.1735507722950262 0.17278922324893942 0.19838927370742906 0.1919434667219404 0.19256171721015664 0.18540627980798743 0.14677272748244125 0.17556192393054926 0.18192844350202017 0.173355103822767 0.1634440090304555 0.17907259752155305 0.11175852124806851 0.018238323820814122 0.05676114639488344 0.09575827053390162 0.14982969826396866 0.15110773103701602 0.1600357617011595 0.15071686455771588 0.20537575273675854 0.20602604398478402 0.20028591503054846 0.18339490666477282 0.19458156426851322 0.1693714221723672 0.030199788151131404 0.17206939934948473 0.18258914693611333 0.18180487830910239 0.18301559919066915 0.22204210414616632 0.2292216969343232 0.20501688632846615 0.1516532592037844
-9999 0.0 0.13716437210390167 0.1764656306227143 0.2303066221719749 0.19437801260737947 0.18819127549335116 0.17776133303960698 0.15152306271211763 0.17988370127653433 0.19527567224903486 0.18745033241121373 0.19666270445281728 0.17360667872464366 0.12170845259091057 0.19698973038541448 0.18487766981915815 0.1660992810235285 0.1797749690633583 0.1898018337943128 0.10365067785371153 0.00459012248503091 0.03342048163911112 0.09565651495190358 0.1405422160559775 0.15711432524408322 0.1555482643189831 0.15453638575827058 0.20698741912328622 0.21071050134549194 0.21828053783791526 0.17837290735058414 0.17459833871168448 0.09645731194245652 0.09944019929457858 0.175851768015294 0.18102545404898643 0.1819496743564599 0.19147560225129867 0.27466827130936766 0.23353810939991845 0.19058867068696786 0.14935422682636906
-9999 0.0 0.17117833405372265 0.18387149989238225 0.20902254773303658 0.18640319269009398 0.18643286427786965 0.1675870850951383 0.1603023149802482 0.17832594570793558 0.19371150395907924 0.187157304069889 0.18892758161666176 0.138727935627819 0.16743633030359834 0.1871668373369317 0.16234311228650483 0.16642997291426226 0.1790047599420116 0.1753103356812099 0.16003330067123075 0.0 0.008254210293119004 0.07895052648628376 0.1289772794717685 0.15377672276801957 0.14591747792954102 0.1533685685130455 0.21203043335268862 0.2074238665093923 0.2483675067938198 0.17484594342213372 0.16923778918585267 0.007180006484016811 0.16297944705840292 0.18407508750787438 0.18121370186219599 0.18746831848895643 0.20398700537423414 0.2783167157669166 0.2592035644094268 0.26511719541846274 0.1823547122337155
-9999 0.0 0.20011616933878854 0.20435820508568875 0.19754850296201662 0.18340549511127344 0.17699428919140242 0.15765518158718528 0.16343706333922622 0.18103045502002238 0.19495700449189926 0.179708023232705 0.18494796228699117 0.15889145457346893 0.17890109050220107 0.18639329862490286 0.17504403878899322 0.15251548639468573 0.13483537791268135 0.15295671408943654 0.16859430640937997 0.005688079330204882 0.01673256353350805 0.07169570460204132 0.12777795115043974 0.12947218478058306 0.139775579966058 0.15946874091638316 0.2076860497204702 0.22257340918651786 0.24590011471639517 0.2019667212540297 0.17643376838064273 0.0 0.18699083871520053 0.18080792404573184 0.18209676683754775 0.21386474206109438 0.17567791661587762 0.24772177146128554 0.2425558810245159 0.26046698178494787 0.22206649523082136
-9999 0.0 0.2045985508951015 0.19660671927876983 0.19212915516878395 0.1909536902683878 0.1735605168478482 0.15127900659091045 0.1611682076190625 0.18645928169159823 0.18709903215132542 0.17482529641720662 0.17533184288602044 0.19284356791674068 0.18627070250406613 0.18138199049269257 0.1981382920949077 0.18059717247957413 0.13880895960130252 0.12352570369170605 0.14750563793184038 0.015916245330724332 0.0 0.06128806075821407 0.13696318177448236 0.11351826110417874 0.13125946206086211 0.14407298986513498 0.19295159534936113 0.2394255183606354 0.22541717995836497 0.2260415204404127 0.150190201391346 0.006995401022933036 0.1850289343682252 0.18129857281982478 0.18234651619180747 0.25661652701535625 0.11442647695517252 0.24844596346023948 0.18658507674618402 0.12407979404720675 0.1863208423212502
-9999 0.0 0.21347636115589236 0.20114266321951116 0.18857689094789767 0.18724445030003672 0.17518763242159985 0.14377225942953661 0.16333249632147753 0.19660503441327096 0.1777237951050814 0.19999553873574344 0.19707497686070652 0.18607201413009464 0.18536732735510036 0.17655459650318633 0.18747893700483825 0.17341756040909237 0.18364468499355738 0.1528839008447797 0.14155619033684166 0.0 0.019814827362986853 0.06426198169034356 0.12508105369782554 0.1243093968296198 0.1348338690678105 0.13011142980097146 0.18062779757542252 0.23898203254683453 0.2347024867026034 0.23115000012429016 0.05542296572925777 0.11337321859436804 0.18246921471960545 0.1826579632263233 0.18302202531134115 0.2857768580357772 0.146426154466061 0.21722255582952496 0.26651654455371226 0.1805414595687799 0.18708416574720552
-9999 0.0 0.19101936211202072 0.18989697868502325 0.18637667191821766 0.18006661211283814 0.17438398072040207 0.13342129112509657 0.18456617280797477 0.18833284395594882 0.18698045139372665 0.18471986214195463 0.165092512441875 0.20947663370872102 0.2084022779025043 0.17794542534327237 0.17047311221016598 0.1657730514660415 0.1544901679237334 0.15779996848811886 0.15285328633022008 0.0 0.0 0.06462790836854818 0.10247391194090577 0.11104851746136503 0.14343994361257908 0.12808956760526383 0.17193712324337318 0.2267067162607446 0.24239402861085654 0.22251891675756888 0.012607453045243284 0.18547735660885953 0.182811242981877 0.18273089559899627 0.1835080350406275 0.2894324752057341 0.24588882215659533 0.05172812022056387 0.2651381725049065 0.21617602027630686 0.19515195894231988
