output/Mappa_traspirazione.asc
NCOLS 187
NROWS 176
XLLCORNER 659300.0
YLLCORNER 5127800.0
CELLSIZE 500.0
NODATA_VALUE -9999
[rows 0 to 17 of 176, columns 82 to 122 of 187]
-9999 -9999 -9999 -9999 -9999 -9999 -9999 -9999 -9999 -9999 -9999 -9999 -9999 -9999 -9999 -9999 -9999 -9999 -9999 -9999 -9999 -9999 -9999 -9999 -9999 -9999 -9999 -9999 -9999 -9999 -9999 -9999 -9999 -9999 -9999 -9999 -9999 -9999 -9999 -9999 -9999
2.510178648069596E-4 2.2733198840344004E-4 2.0270372233892567E-4 1.838706786948105E-4 1.963613938066332E-4 2.0229158386083767E-4 2.025692997904501E-4 2.4251757227903976E-4 2.800370208988332E-4 3.115628569446085E-4 3.7433062337823014E-4 3.7315070032243545E-4 4.4811170858553086E-4 5.497504068029315E-4 4.828627896400841E-4 4.492815583718832E-4 5.882004478367893E-4 6.186074609809995E-4 4.5617179114976474E-4 3.76303377866829E-4 3.1160771977124205E-4 2.96118284204336E-4 2.4028553226054114E-4 2.4360314626683816E-4 2.847856259019715E-4 3.126664406481669E-4 3.2192166482851626E-4 3.303009741636818E-4 2.9408610468665793E-4 2.5516256932795535E-4 2.7534204412728704E-4 3.5354656524246865E-4 4.011862668502149E-4 4.8139749702799043E-4 5.152212005468827E-4 4.5823919939378364E-4 3.501298262525984E-4 3.21431722938949E-4 2.581796822167915E-4 2.1747769352095474E-4 2.6046427416940925E-4
2.426428162359683E-4 2.1637028688824655E-4 1.7393098776909372E-4 1.646908322646404E-4 1.9320899904320702E-4 2.2204180094798924E-4 2.2889966080699063E-4 2.5842421311071483E-4 2.9973901245971613E-4 3.5673886767278E-4 3.83759536845492E-4 4.343433285234025E-4 5.331360628761076E-4 4.8350265742277737E-4 3.81930973666707E-4 4.2042067007299304E-4 5.254307931661039E-4 6.192785897100542E-4 5.356348797592667E-4 4.4784729270235966E-4 3.9568545541836524E-4 3.18299600666902E-4 3.0726217102270944E-4 2.65047305876994E-4 2.3563267091630114E-4 2.679080351014182E-4 2.736754239827635E-4 2.965866364643763E-4 2.685613068285623E-4 2.363752885632848E-4 2.0242793891465564E-4 3.056404654053242E-4 3.2711707534448237E-4 3.9361138958244143E-4 4.488646145008229E-4 4.720153310215804E-4 3.7754706316925866E-4 3.3257107127441165E-4 2.823063323815148E-4 2.334164275673102E-4 2.1339280821271184E-4
2.472523953730993E-4 2.0778841852036686E-4 1.8064385997510713E-4 2.056820283281942E-4 2.102934261428625E-4 2.3229653569374568E-4 2.497565104777701E-4 2.6988206012160923E-4 3.0613715357613645E-4 3.5356317463188576E-4 4.222443731189678E-4 5.120978594700809E-4 4.933703145460162E-4 4.1523627757477277E-4 3.2808817393622836E-4 3.803649637556694E-4 4.361162922415485E-4 5.583204953010577E-4 6.120120125354118E-4 5.332241899046539E-4 4.37555057129215E-4 3.764062422497009E-4 3.187530302488877E-4 2.878765332003681E-4 2.467356949897777E-4 2.2243853468250832E-4 2.093509968996108E-4 2.2053865840868052E-4 2.402493191936941E-4 2.5499664853421094E-4 2.4276811518657133E-4 2.3291517964345686E-4 2.808449330279639E-4 3.218134887294139E-4 3.5612737628924176E-4 3.928109655475462E-4 4.105923062731464E-4 3.534758736200537E-4 2.996080749274712E-4 2.7079700291441814E-4 2.2299487833022554E-4
2.4135109489757838E-4 2.083975852543166E-4 2.06122162994545E-4 2.3722962727223436E-4 2.3903449343194429E-4 2.475093707215442E-4 2.7484448486161516E-4 3.0066901069887044E-4 3.3301608491502905E-4 3.964199958522115E-4 4.6214559690140473E-4 4.898916648827411E-4 4.0638468506554686E-4 3.47663456564406E-4 2.957301553155665E-4 3.403572822338481E-4 3.926304723412897E-4 4.760211418052953E-4 5.798898512272609E-4 6.063070666668341E-4 5.250563970266458E-4 4.0505184188793417E-4 3.496075898268582E-4 3.0004275590131424E-4 2.668029725034106E-4 2.534397075278252E-4 2.3782308298768472E-4 2.480822496826389E-4 2.728962682174217E-4 2.816960284329378E-4 2.5534662796296206E-4 2.323181634835003E-4 1.8703494635479028E-4 2.4966072375108594E-4 2.9368277462295077E-4 3.164265106024519E-4 3.5613076669776893E-4 3.5383632348038143E-4 3.024096812133259E-4 2.7108931426930044E-4 2.2769933645317683E-4
2.630557181054211E-4 2.2392572458833942E-4 2.353458430316417E-4 2.629378777214783E-4 2.693782870920777E-4 2.414328221072749E-4 2.8584479976739716E-4 3.3559132013726337E-4 3.489854621393733E-4 4.2949168754737596E-4 4.6810832626187734E-4 4.3841550928675973E-4 3.519378187992855E-4 3.109886737801576E-4 2.8776016748067047E-4 3.137393466237782E-4 3.626061919319013E-4 3.7826439105291776E-4 4.5726360805253423E-4 5.749615444257465E-4 5.842903142603199E-4 4.37429457007377E-4 4.24005189598817E-4 3.531873714511518E-4 3.024770824506829E-4 2.7462671425701755E-4 2.6718610460557744E-4 2.9478765832139167E-4 3.1477672463596355E-4 3.293324220420626E-4 2.6304125940203847E-4 2.387393842364804E-4 2.187855364191849E-4 1.9807094115116281E-4 2.6869144650375605E-4 2.865333054867526E-4 2.9383519279224424E-4 3.075068845960962E-4 2.9067179151933586E-4 2.6410207670656943E-4 2.3084020019367287E-4
2.6038290751614267E-4 2.254207469524715E-4 2.4942102598823137E-4 3.064694184720869E-4 3.1485006147098865E-4 2.581508356989995E-4 2.8879447002125395E-4 3.167011756269964E-4 3.8692917140924476E-4 4.691963724160059E-4 4.693504051068077E-4 4.240449105620048E-4 3.2886250641101303E-4 2.918014486256879E-4 2.465673203108069E-4 2.9711749603837043E-4 3.1480058599534324E-4 3.4690489349878775E-4 4.093994594690632E-4 4.43205782595258E-4 5.340028138626154E-4 4.919088690755722E-4 4.670587308562845E-4 4.088913856407244E-4 3.443622133275359E-4 3.1115971354570525E-4 3.0961039559364686E-4 3.3366818088611887E-4 3.677177140940538E-4 3.358683303154851E-4 2.835891025125901E-4 2.581035872873277E-4 2.354130225732716E-4 2.0459393827507673E-4 2.11573282757106E-4 2.417818678829701E-4 2.6769882090877203E-4 2.683837528153887E-4 2.7693738084675896E-4 2.423723947466709E-4 2.2765446212485622E-4
2.5094929030293174E-4 1.8870144308677956E-4 2.53751351324535E-4 3.202146330157064E-4 3.3318317695748954E-4 3.1943445667291954E-4 3.2567928170750704E-4 3.8181883576985824E-4 4.4410480079894437E-4 4.5160651346828375E-4 4.692822408947729E-4 4.4254119928948104E-4 3.313428078743102E-4 2.8609787094969135E-4 2.604255172540895E-4 2.4851854844146296E-4 2.87186189120099E-4 3.2523097790265954E-4 3.49331451927219E-4 3.810336671498363E-4 4.2945708282302313E-4 3.896592132012833E-4 3.876524073395191E-4 4.326068796191894E-4 4.1657873432467954E-4 3.879198129092346E-4 3.682230066723268E-4 3.7558253434879786E-4 3.57017171326376E-4 3.6843092160527576E-4 3.1958183711102193E-4 2.675229117381675E-4 2.4131148014327585E-4 2.1500515554526617E-4 1.9837655311206632E-4 1.9772633400753944E-4 2.1585160793461493E-4 2.3404653432465027E-4 2.473072994358234E-4 2.3023630951132204E-4 2.086844314862914E-4
1.6916467141869527E-4 1.882534696714791E-4 2.4747569548007347E-4 2.8565782240625543E-4 3.214738876785216E-4 3.6500376754244895E-4 3.943499465555114E-4 4.509795281413001E-4 4.255189609194721E-4 3.771579069170912E-4 4.6877726195848537E-4 4.693574821094792E-4 3.859346945765149E-4 3.279783781518732E-4 2.91610551055748E-4 2.3339860001631704E-4 2.446175998910415E-4 2.559782845462661E-4 2.5875477943818607E-4 2.72542850860722E-4 3.313004206367978E-4 3.525247133562269E-4 3.394935372105145E-4 3.736906782397517E-4 4.299539578628013E-4 4.281523942340256E-4 4.101074366916166E-4 3.8360306857220943E-4 3.0741283783548064E-4 3.0640827826246183E-4 3.1005933124326514E-4 2.87417291555868E-4 2.5070852861532516E-4 2.19895903582637E-4 2.0010833701150182E-4 1.8487177728160524E-4 1.863179803003275E-4 1.9866917503533627E-4 2.1558997311511995E-4 2.1119260514932135E-4 2.4045397800469414E-4
1.939831382548786E-4 2.0805090064556858E-4 2.483154286804474E-4 2.8104528787869685E-4 3.042664005090833E-4 3.46396713753701E-4 4.219244298604319E-4 4.110498629927511E-4 3.4171739844408166E-4 3.1769220978926366E-4 3.972309431921194E-4 4.69066215250855E-4 4.6661172720492905E-4 3.6192482831330034E-4 3.091341516834874E-4 2.84580780500308E-4 2.1702973023515068E-4 1.9560123827016515E-4 2.1932859087276594E-4 2.581940404166393E-4 2.8861462599995654E-4 3.0477678151186015E-4 2.997645150131216E-4 3.0821229129352753E-4 3.54094971213598E-4 4.044740265206091E-4 3.6500016245542973E-4 3.9453767551234716E-4 3.2092815602698723E-4 2.6511420502590445E-4 2.7768684902477434E-4 2.7720364862633565E-4 2.54230193918384E-4 2.3361788728203995E-4 2.1048147278053124E-4 1.7809322023392763E-4 1.7725403313873742E-4 1.9855147456261812E-4 1.9940068141833262E-4 2.3063917393482524E-4 2.6053287545159393E-4
2.0805539875115692E-4 2.059376647900381E-4 2.5131140320266586E-4 2.856115000951762E-4 3.2712940468446064E-4 3.7525317369792777E-4 4.299526453522563E-4 3.596865514488708E-4 3.0099882701646336E-4 2.8852710207614106E-4 3.3173872103671383E-4 4.0761084835250926E-4 4.691651718809796E-4 4.3433075751916157E-4 3.300061668519805E-4 2.77263338221463E-4 2.589729473461665E-4 2.4740921743999773E-4 2.14712345198448E-4 2.1521465005328787E-4 2.476961864716486E-4 2.5211291682806423E-4 2.485226911685679E-4 2.9093541840027697E-4 3.425456885866642E-4 3.675374986365474E-4 2.93514570268471E-4 3.381978066836075E-4 3.261850808026406E-4 2.748634121631706E-4 2.3938730951259896E-4 2.495934500863527E-4 2.391254550697033E-4 2.265289811558587E-4 2.0007948433145884E-4 1.660494189794163E-4 1.7152416775842927E-4 2.1665130181355234E-4 2.2543940521990217E-4 2.5636257337597343E-4 2.765746600917761E-4
2.1884544438788663E-4 2.3335911290890508E-4 2.387067502136102E-4 2.722060433574598E-4 2.9782834541578737E-4 3.68800431703071E-4 4.185661631289491E-4 3.5794082936639387E-4 3.030918685586761E-4 2.513607534592821E-4 2.649781725032834E-4 3.470339032212365E-4 4.212692731176103E-4 4.6776821123789173E-4 3.874836648614155E-4 3.0350947046600473E-4 2.903672920572433E-4 2.6001942316142935E-4 2.3178538060450798E-4 2.2171839472091685E-4 2.0032009078018906E-4 2.219380100694417E-4 2.555169730959609E-4 2.8183905057615035E-4 3.058269178256868E-4 3.1161719413894085E-4 2.719103825592155E-4 2.9296078474199316E-4 3.1570278470564997E-4 2.6377712968364146E-4 2.1557638595111987E-4 2.1843560594932967E-4 2.2469677836020212E-4 2.15966346607315E-4 2.1993744443575596E-4 2.1492260795899978E-4 1.8088010659782816E-4 2.4567382806225946E-4 2.5986818726271885E-4 2.768374431113852E-4 3.138439414328793E-4
2.33733512589518E-4 2.5942408671966353E-4 2.7635766128208635E-4 2.8254838083770884E-4 3.2392109168031196E-4 3.846758754989427E-4 3.9417759975307495E-4 3.4843404270041255E-4 3.303562165880757E-4 2.8628416413804234E-4 2.3876359075408388E-4 2.9483990180982785E-4 3.4743174280940143E-4 4.350799349025282E-4 4.5018806620625073E-4 3.6510222072235377E-4 2.8894710077472213E-4 2.7203086390770707E-4 2.6355605746180443E-4 2.504324928267319E-4 2.168835091169932E-4 2.1512502853216509E-4 2.4425970121866075E-4 2.558640630209445E-4 2.730638113287672E-4 2.777974488187345E-4 2.553450211947975E-4 2.730071407303471E-4 2.9571468612271163E-4 2.602014379174962E-4 2.248071178583505E-4 1.8621218897619689E-4 2.0739724271045002E-4 2.0900393912439875E-4 2.48320952801356E-4 2.443990933083034E-4 2.124742585773865E-4 2.3670842277173198E-4 2.815846884157732E-4 3.0403897554721703E-4 3.2465827395972976E-4
2.4715951894150446E-4 2.712378215951052E-4 3.1628579701453073E-4 3.3580767260641835E-4 3.661270054667631E-4 3.749521078136429E-4 3.4077911685349214E-4 3.021661931459391E-4 3.199783412192109E-4 3.055415574667061E-4 2.3606131419536406E-4 2.6287031744843625E-4 2.838917728107136E-4 3.700726012622415E-4 4.489907599454861E-4 3.993742297490991E-4 3.308401361631951E-4 3.230037674592021E-4 3.0612354427712955E-4 2.7336387032640664E-4 2.307335124420054E-4 1.9883685246093897E-4 2.2119952532515175E-4 2.3353198560136876E-4 2.467552665168025E-4 2.465778211493233E-4 2.3477098961174954E-4 2.5091245311609597E-4 2.635023431325788E-4 2.4227714384909087E-4 2.073535679836658E-4 2.01878193564523E-4 2.118399098137311E-4 2.1774870515131928E-4 2.677360119732708E-4 2.955287352427338E-4 2.658056777153781E-4 2.5428902989718704E-4 3.068717491780617E-4 3.546243811801948E-4 3.559848585729109E-4
2.9833701462235473E-4 2.949322134344211E-4 3.1545637654772105E-4 3.469588019139461E-4 3.646353294287308E-4 3.3889557535299634E-4 3.023789679065236E-4 2.4936289023271506E-4 2.5990566624483274E-4 2.9358741987356505E-4 2.559571255845829E-4 2.048330749721126E-4 2.4667266704781176E-4 3.2112855072108864E-4 4.0447988176746125E-4 4.29800445716061E-4 3.7534608898445704E-4 3.049282117339955E-4 2.7205591116000974E-4 2.4703617717809295E-4 2.1503239318949982E-4 1.8533679949841517E-4 1.8283848508876088E-4 2.069820934212233E-4 2.0728287677078297E-4 1.9770854624031795E-4 2.1074547413399764E-4 2.2309687228356216E-4 2.3295960465264726E-4 2.2081930979033542E-4 2.0147492589674685E-4 2.5397103784423575E-4 2.646893736728051E-4 2.4980198894940806E-4 2.9999396657255385E-4 3.3852933379457364E-4 3.0297146813279004E-4 2.4501262553148557E-4 3.206828738577923E-4 3.7393806492240766E-4 4.418233019129593E-4
3.4613191156383154E-4 3.607144592761909E-4 3.481785541535403E-4 3.4024192110650576E-4 3.286468597726931E-4 3.029281830703866E-4 2.8471959796966663E-4 2.599911100623944E-4 2.4396570987988286E-4 2.469887405861211E-4 2.4244539666051752E-4 2.0721758087368844E-4 2.5549392359878E-4 2.9423064543604546E-4 3.277455743651949E-4 3.739825507040402E-4 3.844985117164452E-4 3.1397303335689195E-4 2.6606221470510603E-4 2.308788889687284E-4 2.0239068499500299E-4 1.8039094571828954E-4 1.6664611538150982E-4 1.7819547020025964E-4 1.7754458924712068E-4 1.7976362681048144E-4 1.6211750421105163E-4 1.7785624413037734E-4 2.1349701092524158E-4 2.344548518802266E-4 2.1185139223200037E-4 2.608885793983048E-4 2.78763964833518E-4 2.9305347548443317E-4 3.0407077405534937E-4 3.640809783744455E-4 3.4819481484864626E-4 3.072704436662554E-4 2.934122808854378E-4 3.57341453041791E-4 4.620574221769869E-4
3.9121045739513594E-4 4.352134687644883E-4 3.715656295852716E-4 3.5264780094667334E-4 3.3260398804918083E-4 3.3491749473011257E-4 3.019431635985522E-4 3.0673564357203446E-4 3.0112537126031656E-4 3.1122130568816004E-4 2.9738457414555134E-4 2.660376532787198E-4 2.3942086020423207E-4 2.643112501328716E-4 2.6893831137665404E-4 3.1086592024205016E-4 3.415803588841722E-4 3.21888042189461E-4 2.6873864842508357E-4 2.3256074141901799E-4 2.0168782276024249E-4 1.7030991211161312E-4 1.7486718082293976E-4 1.9513665889830175E-4 2.0476420452100315E-4 1.9690321471980572E-4 1.849009715729882E-4 2.0664524593555668E-4 2.440762649675875E-4 2.5792594897133277E-4 2.4249552313593048E-4 2.773220029833578E-4 3.1087609585958803E-4 3.5090612943321816E-4 2.8454532262399976E-4 3.2182095348308996E-4 3.8759724229468914E-4 3.822090529468292E-4 3.969498309753245E-4 3.368654871158175E-4 4.3543551484565636E-4
4.6360136911958034E-4 4.795915480361452E-4 4.0880914594338655E-4 3.780068578085839E-4 3.747032282596086E-4 3.6869884554845345E-4 3.6224821679175216E-4 3.651727155880152E-4 3.5487299194204397E-4 3.49621885746217E-4 3.029088245415625E-4 2.4984336166356354E-4 2.0037536317703711E-4 2.285055089499224E-4 2.405890559926613E-4 2.687892124192018E-4 2.833261190979073E-4 2.8110634511813366E-4 2.557484223734827E-4 2.258071561511369E-4 1.9660354252292272E-4 2.0553339129579848E-4 2.0108860005574116E-4 2.112519962643406E-4 2.2822569018260386E-4 2.230203012175259E-4 2.098838054684606E-4 2.277589359998193E-4 2.5511837710955645E-4 2.9593460940292263E-4 2.6500809060609566E-4 2.4214567677895997E-4 3.163700947481306E-4 3.8667299657130976E-4 3.44055929444919E-4 2.830082267474399E-4 3.4930970952942893E-4 4.1090838034379187E-4 4.905299846369226E-4 4.0181967800798877E-4 4.0767908320374753E-4
