output/Mappa_traspirazione.asc
NCOLS 187
NROWS 176
XLLCORNER 659300.0
YLLCORNER 5127800.0
CELLSIZE 500.0
NODATA_VALUE -9999
[rows 144 to 161 of 176, columns 0 to 40 of 187]
-9999 7.970324993480581E-4 8.035372353620477E-4 8.486635443590442E-4 8.628706848142823E-4 8.734985168331772E-4 8.869509664938235E-4 8.351858842441806E-4 7.89126969163837E-4 7.674923095240956E-4 7.666799030101345E-4 7.398154656141151E-4 7.076060284617162E-4 6.788302742046523E-4 6.267023661718084E-4 5.989875185115215E-4 6.388770949197643E-4 6.120990776829322E-4 5.670043473345531E-4 5.463300062650277E-4 5.464692577657371E-4 6.546732936628315E-4 8.274409539867992E-4 8.647550967940795E-4 9.288852882564423E-4 9.88001964336268E-4 0.0010191926080336826 0.001037239001131095 0.0010613027215860332 0.0010546581798736852 0.001008341862330457 9.905292309803923E-4 9.870630365639876E-4 0.0010003106410303203 9.862169326751553E-4 0.0010846035655579787 0.0011390491201834665 0.0011385479477088675 0.0011396443376652718 0.0011370447576575958 0.0011234655485402349
-9999 8.139466258164596E-4 8.49573113943055E-4 8.70988898520942E-4 8.907658555137633E-4 9.220136457629702E-4 8.491924677496905E-4 8.308980238645046E-4 8.008851487582986E-4 7.697297435769914E-4 7.680207777168901E-4 7.328623745210399E-4 7.029646578482489E-4 6.714008630916048E-4 6.427151933117237E-4 6.368682482627808E-4 6.551876793051007E-4 6.34900419721842E-4 6.009733361756665E-4 6.032874951449725E-4 5.955792292392545E-4 6.158396670209991E-4 7.694384693128175E-4 8.84313142967466E-4 9.536962133420425E-4 9.904690135986978E-4 0.0010221707999834783 0.001045373978795028 0.0010835960480026171 0.0010446306901060374 0.0010189160090429501 9.949240656593383E-4 0.0010000987165620866 9.656843376214236E-4 9.612713066365704E-4 0.0011392171073882522 0.0011393270191790703 0.001138849840520283 0.0011394430869073075 0.0011380501466598885 0.0011296497650200028
-9999 8.461035402082739E-4 8.752213083999788E-4 9.082314638994107E-4 9.181795061004481E-4 8.464088756877086E-4 8.123902230476839E-4 7.831963574086174E-4 7.652092750655719E-4 7.769036098010288E-4 7.675607491364096E-4 7.341435167450212E-4 7.067700121396621E-4 6.754573657080621E-4 6.578287804212877E-4 6.975021058875045E-4 6.543862611713069E-4 6.286105566143968E-4 6.408307070901826E-4 6.333767389675105E-4 6.034641379983843E-4 6.668360069600323E-4 7.873106289701653E-4 8.924824084989911E-4 9.83250988714804E-4 0.0010082315792778796 0.0010349345997142016 0.0010530620660307696 0.001073041235750419 0.001052812321653126 0.001018337336913875 9.942703474437038E-4 9.710504820127866E-4 9.613088703304198E-4 9.880671212716217E-4 0.0011179096094927992 0.0011391704899020936 0.0011392544684558313 0.0011399084825654531 0.001139228450427196 9.703018988060833E-4
-9999 8.678955629382381E-4 8.941074568226834E-4 9.323046308654224E-4 9.131998541319632E-4 8.295152067700548E-4 7.963552999336721E-4 7.732792204605164E-4 7.647838803305368E-4 7.81838243430694E-4 7.644371886638946E-4 7.358723538775445E-4 7.173649694183093E-4 6.786438765974455E-4 6.754348224372849E-4 7.101225896087737E-4 6.940552373734123E-4 6.82434213287686E-4 6.644573710269496E-4 6.345071845124862E-4 5.994496667712686E-4 6.081071409033761E-4 7.532924043136628E-4 9.064822601565196E-4 9.700684150691618E-4 0.001017373921889591 0.0010322678517913555 0.0010628545960789928 0.001099675591606058 0.0010625809241766146 0.001028100675443282 9.424357896209119E-4 9.389875365936112E-4 9.390122086213307E-4 0.0010877152506775661 0.001140070882783462 0.001137506131361241 0.0011397564998705959 0.001139413324173705 0.0011117879946288154 9.237146435079585E-4
-9999 8.943581025547616E-4 9.323468075073865E-4 8.90809172958903E-4 8.435784039791035E-4 8.054746028418806E-4 7.913232327347178E-4 7.705628568625214E-4 7.786399514964377E-4 7.742063136422244E-4 7.666589061671665E-4 7.367120873031702E-4 7.029252495932997E-4 6.86131826621278E-4 7.419245577474097E-4 7.033488279836862E-4 6.583674963252305E-4 6.474823935038528E-4 6.351674933469574E-4 6.111858050159599E-4 6.085592011574189E-4 5.863169573041091E-4 7.181488554660589E-4 8.559524623428771E-4 9.655092428571505E-4 0.0010095821109438556 0.0010430338260197952 0.0010836825848410134 0.001103277395861134 0.0010641285238827452 0.001033690769007161 9.246719172670905E-4 9.207025208508814E-4 9.255320704530249E-4 0.0011399116699808407 0.0011394911088735997 0.0011401460297200449 0.0011409306739703932 0.0011272016509773293 0.001098659086461711 9.984631454701635E-4
-9999 9.07592080379351E-4 9.04390241933807E-4 8.672465576519308E-4 8.290525186926332E-4 8.009164443615724E-4 7.746299908598015E-4 7.687529455883606E-4 7.759343634491653E-4 7.890750058463829E-4 7.715345177599747E-4 7.414784546992753E-4 7.550725668729853E-4 7.389139411848014E-4 6.862019691665103E-4 6.60399335910868E-4 6.345470466793615E-4 5.875108522296751E-4 5.597010983794825E-4 5.925759769459659E-4 5.89659570044734E-4 5.800583207455775E-4 7.137852348468184E-4 8.63017751127821E-4 9.475275571593067E-4 9.906744728965914E-4 0.001051246388497453 0.0010903945209981714 0.0011142377849866073 0.0010975887544750996 0.00102895007734532 9.740172321192097E-4 9.294561286442321E-4 9.231406406582333E-4 0.0011398995406544806 0.0011368493986750915 0.0011407148318644308 0.0011416870639177395 0.001057394800374333 0.001070073182023244 9.727487995705728E-4
-9999 9.28227901027334E-4 8.932429291723348E-4 8.482850069044793E-4 8.234581525580924E-4 8.00899033028237E-4 7.76421611579797E-4 7.660523225037391E-4 7.90812188668394E-4 7.922720813445122E-4 7.697138855369641E-4 7.608863101611661E-4 7.246526859293518E-4 6.974523434197532E-4 6.754686708739835E-4 6.43565892502474E-4 6.177861510139501E-4 5.79364893028119E-4 5.580303013764065E-4 5.316847861888824E-4 5.557841478230174E-4 5.611167235772746E-4 6.506935485905267E-4 8.230801366419219E-4 9.454812867919482E-4 9.745192618828652E-4 0.0010300670365826533 0.0010772417292069592 0.0011241899240922726 0.0011170276128735026 0.0010397808902056734 9.87653317783256E-4 9.144019099955718E-4 9.81831799693544E-4 0.0011377963321367542 0.0011406061477058 0.0011407962332249373 0.0011419148961028852 9.552097879519515E-4 0.0010401445258347614 8.208092877989467E-4
-9999 9.381133202720738E-4 9.053034603855484E-4 8.605478027087853E-4 8.192760813722666E-4 7.985893195597142E-4 7.813556209092789E-4 7.75392752799825E-4 7.976868490259869E-4 8.095937649138683E-4 7.750998617426365E-4 7.626066038970275E-4 7.297210964804025E-4 6.870857940811651E-4 6.532198848577373E-4 6.239441812479045E-4 6.073977796254623E-4 5.889499680280676E-4 5.83359285348392E-4 5.618922523327057E-4 5.340903639842987E-4 5.301794477734318E-4 7.231171507704752E-4 8.389122298898508E-4 9.201937046576277E-4 9.870766493771113E-4 0.0010367687600143993 0.0010756459372314531 0.0011273070522677328 0.0011359938581573849 0.0010729996231881999 9.906609411554541E-4 9.369188663373877E-4 0.00114033426439624 0.0011404941150683014 0.0011412088552574904 0.0011414453632876543 0.001141564550041666 9.324146833984787E-4 8.205710422765036E-4 9.005798396787233E-4
-9999 9.243086965788763E-4 8.519885874269021E-4 8.257720441649098E-4 8.146342348804882E-4 7.962835014756093E-4 7.88542385538965E-4 7.802946920163192E-4 8.290862828655656E-4 7.832116704200843E-4 7.666073653187825E-4 7.22442164471883E-4 6.92251376485307E-4 7.387963197663601E-4 6.841970552877255E-4 6.170328413504994E-4 5.870704545879174E-4 5.688430089326644E-4 5.310077547031276E-4 5.183470376586525E-4 5.196076713606145E-4 5.094078379410306E-4 6.507851798629346E-4 7.940261206296944E-4 9.040263506987513E-4 9.703061145066935E-4 0.0010491439804444513 0.0010824755983960485 0.001135229345886759 0.001144909513054098 0.0011007391788984864 0.0010308671702665294 9.89846167551834E-4 0.0011403767718681903 0.0011410814446952539 0.0011413034360705883 0.0011415944853045642 0.0011423372083076005 8.864394678210515E-4 7.33611213597551E-4 8.471128523158898E-4
-9999 8.867426779708788E-4 8.35549473308268E-4 8.355847234035904E-4 8.008715068277644E-4 7.871948059207812E-4 7.790380495810251E-4 7.915746576037245E-4 8.286286075164189E-4 7.7829134270693E-4 7.143483926656507E-4 6.840777879509152E-4 6.631753841720519E-4 6.469871069345879E-4 6.709298439672412E-4 6.16716841781789E-4 5.600271402074797E-4 5.634669716422403E-4 5.07457025092149E-4 4.838357571688538E-4 5.005628355301835E-4 6.138536262192901E-4 6.992391254756245E-4 7.433574105420637E-4 8.804024557723452E-4 9.517593989556987E-4 0.0010676842974643105 0.001117685926125527 0.0011410595293924052 0.0011453481184230511 0.0011456447535281784 0.0010606733125178489 0.0011220666975423196 0.0011409556949230073 0.0011411513582196447 0.0011419452037110015 0.0011422996593403803 0.0011435576419996836 0.0010332605234678464 7.30500921006384E-4 7.188072838224731E-4
-9999 8.809071767408254E-4 8.662515577891649E-4 8.32325988082679E-4 7.990671581489194E-4 7.741364643545111E-4 7.710273636628403E-4 7.730906653758007E-4 8.166204322136619E-4 7.410829817851573E-4 6.924302704703619E-4 6.543352539774137E-4 6.317120878196366E-4 6.114755682997659E-4 6.214814235342375E-4 6.326582993279368E-4 5.388448218006908E-4 5.641223916889636E-4 4.940669604347524E-4 4.527510721912269E-4 5.463680968768376E-4 5.889358401540673E-4 7.460318643173405E-4 8.701664337737178E-4 9.226327974103483E-4 9.518239246826912E-4 0.001027212223409191 0.0011198047181112697 0.001145296522088161 0.0011453420817612975 0.0011456817577808298 0.0010206597058681065 0.0010494408571747444 0.0011411430091277954 0.0011420069199581117 0.0011423174917838744 0.0011427383133241868 0.0011424585326166065 0.0010441600862751044 8.235762699324368E-4 7.279931883083064E-4
-9999 8.838088519714579E-4 8.614772855212274E-4 8.487214214404936E-4 8.068307890676591E-4 7.812536225686395E-4 7.854203112738362E-4 7.666168445760562E-4 8.106013492204862E-4 7.088370263008502E-4 6.681033669328983E-4 6.352694671820148E-4 6.039854551064967E-4 5.796160674119309E-4 5.977723103059434E-4 6.201622113544534E-4 5.14365286994447E-4 5.103524027288361E-4 4.8722765687904347E-4 4.5609428410662867E-4 5.70141694438033E-4 6.915480925630682E-4 7.932050904774729E-4 7.801638814320456E-4 8.612746384865826E-4 9.401659098906158E-4 0.0010113839514128498 0.0011337776050340807 0.0011455387085555985 0.0011455888477206262 0.0011458826004033305 0.0010498770089511552 9.818598219716846E-4 0.0010900120672820025 0.0011420836816053385 0.0011424418804776317 0.001143458178877852 0.0011443209431872912 0.0010694831027600869 8.493723090708229E-4 7.235881125818955E-4
-9999 9.002847743956428E-4 8.767108395320614E-4 8.477437385902865E-4 8.280965279405587E-4 8.14551731843383E-4 8.618825283275433E-4 8.552865671743905E-4 7.594900520777528E-4 6.887314183759484E-4 6.499685168869138E-4 6.123988272774843E-4 5.849087097410266E-4 5.583230690456817E-4 5.50484359332415E-4 5.641370897943797E-4 4.831200232013784E-4 4.5607445845754303E-4 4.5176649281739316E-4 4.5658825964406386E-4 5.10761421957163E-4 5.84069011876358E-4 6.162123920235012E-4 7.097212499011314E-4 8.418400667220382E-4 9.422482923589439E-4 9.443181319366976E-4 0.0011242494559325616 0.0011455312190997683 0.0011455843850897867 0.0011458662061887715 0.001047871981870828 9.627123603570722E-4 0.0011127163029631384 0.0011421580695825198 0.0011430892275373704 0.0011436396517188702 0.0011446453593445117 0.001048038436921726 8.106540771836812E-4 7.398806551694394E-4
-9999 9.29130788019862E-4 8.790251535145897E-4 9.003012470802E-4 8.881778823527981E-4 8.511513707055225E-4 8.124990110883939E-4 7.390460818413037E-4 6.975405042481119E-4 7.10175901700735E-4 6.512021638285932E-4 6.170599795146503E-4 5.809165406009863E-4 5.460406752643286E-4 5.141205632536896E-4 4.7998434822614234E-4 4.403745832032754E-4 4.09629610115589E-4 3.977096781801088E-4 4.483932232603462E-4 4.6047172856626586E-4 5.662673621261037E-4 5.576992228874145E-4 7.063736339310284E-4 8.370752171902785E-4 9.571002760259967E-4 9.850559458404245E-4 0.0011305794361506142 0.0011455232645125291 0.0011455801923190576 0.001145761064370895 0.0010858628243411836 9.810119154080735E-4 0.001129695887850051 0.0011427512518863976 0.0011431894692068693 0.0011438288942417676 0.0011449123801619864 9.89862799207757E-4 7.956076367300062E-4 7.409802144920163E-4
-9999 8.8349804115596E-4 8.502505708850941E-4 8.309826963073104E-4 7.999045304700335E-4 8.216854250366383E-4 8.219974599337662E-4 8.211175170239063E-4 7.486756436933446E-4 6.597475430461636E-4 6.325756677852027E-4 6.086244098483009E-4 5.790937739650438E-4 5.373818365412482E-4 4.765267921650133E-4 4.448170676333747E-4 4.1470122294392684E-4 3.86338745566199E-4 3.7599358421573E-4 4.689518967876966E-4 6.21262595851465E-4 6.732716462563833E-4 6.566030434771605E-4 7.270544093732514E-4 8.273037038042498E-4 9.745719805782398E-4 0.0010331408019907764 0.0011231973296776708 0.0011455146492712043 0.0011455739740619227 0.0011456578635668689 0.0011448363247521113 0.0010909451588860819 0.0011403401245499733 0.0011427997631875508 0.001143262633996679 0.0011440489521406631 0.00111492121399564 9.022969971247304E-4 8.860473312123441E-4 7.613153379457723E-4
-9999 9.076834152440542E-4 8.64016804596248E-4 8.124304333454937E-4 7.84457845411983E-4 8.208624489693879E-4 7.385069296711883E-4 7.223516569804942E-4 7.948976215639099E-4 7.504321078609297E-4 6.346078807861145E-4 6.166816227824367E-4 5.913197261758808E-4 5.496136206045738E-4 4.748971870981399E-4 4.5927201417009385E-4 4.3888851006049955E-4 3.9829707457360726E-4 3.969636652774464E-4 4.936083144692033E-4 5.550117419363598E-4 7.015176620485021E-4 8.157329331702506E-4 8.600101844620504E-4 8.765898078650196E-4 9.826143260199664E-4 0.00105910587030892 0.0011417194029280332 0.001145503844383852 0.0011450358824213074 0.0011451214060212416 0.0011447673969493097 0.0011141664288112218 0.0011424820157321706 0.0011428250609315013 0.001141174763037326 0.0011415594444632458 0.0010496778742866838 8.314418650836839E-4 8.120445097657125E-4 8.040322915707077E-4
-9999 8.690220807886814E-4 8.47398165182273E-4 8.01845838721454E-4 7.85028457871924E-4 8.138489854189997E-4 7.450569934452416E-4 7.208062218006292E-4 6.96089108688901E-4 7.519036107660285E-4 7.307742257041525E-4 6.457140815268594E-4 6.052104353273317E-4 5.488480119403741E-4 4.959558824292281E-4 5.148578147739437E-4 4.380170782298558E-4 4.6262360961223196E-4 4.0641058224529165E-4 3.9971615768506064E-4 5.423197133146273E-4 6.866320299266637E-4 7.617403300781121E-4 9.166835403134006E-4 9.683374796138639E-4 0.0010270129224937555 0.0011120090530769397 0.0011326733799380286 0.0011449580797330814 0.0011455556203470451 0.0011451108123792227 0.0011447069521538763 0.0011438186851330898 0.0011424884236755758 0.001137524680031405 0.001133822579352207 0.0011366978656552882 0.0010319644912353686 8.659511899797081E-4 8.569988737054503E-4 8.644621695066013E-4
-9999 8.481574682055241E-4 8.328151997263165E-4 8.161083737786157E-4 8.193735258710453E-4 7.689193459178388E-4 7.42867917671974E-4 7.165413012689639E-4 6.949747123785481E-4 6.732842709857969E-4 7.392456702530898E-4 7.294929344146636E-4 6.255259273336848E-4 6.216553464507731E-4 5.961783804001096E-4 5.652724484790856E-4 5.411209481735378E-4 4.841779898146843E-4 4.5074528195814326E-4 4.0536158202874386E-4 5.258783409613192E-4 5.933743007537618E-4 7.034453631979067E-4 7.828338193138478E-4 9.029137444267005E-4 0.0010669306559890318 0.0010946685792970453 0.001123671690640353 0.0011438815348885027 0.0011455403246095374 0.0011450962837328436 0.0011446906839143415 0.0011416860920140824 0.001139319552712984 0.0011300789894242676 0.0011227789123415752 0.0010408424053778944 9.291527078409737E-4 9.748721956673295E-4 9.44890558704941E-4 9.510984259724082E-4
