output/Mappa_traspirazione.asc
NCOLS 187
NROWS 176
XLLCORNER 659300.0
YLLCORNER 5127800.0
CELLSIZE 500.0
NODATA_VALUE -9999
[rows 90 to 107 of 176, columns 41 to 81 of 187]
6.04073804755378E-4 6.950916133366554E-4 7.436404305166584E-4 6.408957364567089E-4 5.834608368436622E-4 5.389238194788678E-4 4.7608641133974115E-4 4.2642484635263637E-4 4.304470287702718E-4 4.1737997762055423E-4 3.5824128604324755E-4 3.4748656873193995E-4 3.822520661059903E-4 3.544079343379886E-4 3.6493762939597053E-4 3.813917640558647E-4 3.9344085390252996E-4 4.0039168316922713E-4 4.087883885805251E-4 4.0815831012956926E-4 4.1184169477684926E-4 4.253541543170253E-4 4.936545384660712E-4 5.623630000872832E-4 5.86967588812935E-4 5.910282250148202E-4 6.346102323170054E-4 7.575555620264653E-4 7.441867611946236E-4 7.678933750481777E-4 8.333130022994715E-4 8.537403579963954E-4 8.249694877754027E-4 7.594605158420597E-4 7.475150136743029E-4 7.891153811532691E-4 8.673524512629755E-4 9.288685325577768E-4 9.354520693524044E-4 9.749343292513162E-4 8.619979864316252E-4
6.561566472144003E-4 7.576381069226903E-4 7.363703535626632E-4 6.240476499050071E-4 5.478110736259539E-4 4.974698223407029E-4 4.3580161427448456E-4 4.089910186535978E-4 4.0412694801906477E-4 3.440613626042737E-4 2.8592767070103285E-4 3.1350385744909596E-4 3.3578290366906164E-4 3.644008718745082E-4 3.7659116356302495E-4 3.893403376706123E-4 4.01356681260855E-4 4.139472144645226E-4 4.152607421608265E-4 4.181599918563607E-4 4.259593444311516E-4 4.784891097717437E-4 5.709038811552539E-4 6.489057112231106E-4 6.188692361862447E-4 7.05791547910144E-4 7.255319363070592E-4 6.803211103258622E-4 6.473277120127143E-4 6.637036576434338E-4 7.278157711186349E-4 8.0941577508571E-4 8.922670182502218E-4 7.970440593925996E-4 7.983228263208608E-4 8.538367930151892E-4 9.384623226221552E-4 9.801234655613762E-4 9.33736931364143E-4 8.887892457701762E-4 8.46463957027605E-4
7.144878788747655E-4 7.706308408601892E-4 6.960994944330255E-4 6.140701575461094E-4 5.301767442376454E-4 4.747734394861777E-4 4.3202841769286667E-4 3.7928969258542645E-4 3.5931837407373777E-4 3.080469180430553E-4 3.138844170183639E-4 3.222654406872415E-4 3.105406351336397E-4 3.333610819239367E-4 3.707506672463878E-4 3.874974617709667E-4 4.025057618816771E-4 4.148172426111243E-4 4.310886487348622E-4 4.577012308874948E-4 5.260541895275676E-4 5.299791814095045E-4 5.447659016180443E-4 5.09300582601112E-4 5.513307960083038E-4 5.679507513912928E-4 5.915244852680178E-4 5.578104770060309E-4 5.713839689530572E-4 6.173350694457275E-4 6.783576890136996E-4 7.688103363982427E-4 9.291326345694324E-4 8.773884182550824E-4 8.511291712818631E-4 9.06646559701359E-4 9.833684932339243E-4 9.07054833053013E-4 8.953694637746353E-4 9.403359073065289E-4 8.583726280987487E-4
7.091591079463141E-4 7.754334466786878E-4 6.775366398461048E-4 5.822677700782976E-4 5.217198603148903E-4 5.037637175035733E-4 4.47797907384694E-4 4.040915428538406E-4 3.622401984501256E-4 3.0804512124589127E-4 3.346004925502079E-4 3.373760614764745E-4 3.397661607784162E-4 3.2946089508773815E-4 3.4365903558045363E-4 3.627034108104649E-4 4.0061258740594095E-4 4.1485249160970136E-4 4.270964228906205E-4 4.416062186571503E-4 4.5381003493392416E-4 4.6321199400431163E-4 4.7034144630521516E-4 4.5771325421666725E-4 4.741300621592377E-4 4.773414710454989E-4 5.236288882567887E-4 5.787389435406082E-4 6.136020884218082E-4 6.490791783379583E-4 7.372588029349271E-4 7.841740109783214E-4 8.926464767104503E-4 9.443523973892162E-4 9.846354361362614E-4 9.862644329892152E-4 9.541828067309267E-4 9.183765860901897E-4 8.565916845864681E-4 8.322958707499493E-4 8.855496027739773E-4
7.297654747631984E-4 7.876386338104636E-4 6.823335910507068E-4 6.135191939354844E-4 5.500518833953733E-4 5.269558936040699E-4 4.854128546949317E-4 4.5394391734570797E-4 3.9466299773898426E-4 3.1793110501097087E-4 3.230947408361017E-4 3.566029979388773E-4 3.6720349211247965E-4 3.481319153296344E-4 3.6894611784113067E-4 3.7324705527802884E-4 3.8246722888136253E-4 4.226810223973817E-4 4.4379771643636385E-4 4.550456451307679E-4 4.692459582773407E-4 4.710566511116824E-4 4.671836318663175E-4 4.624445110304483E-4 4.868418869290969E-4 5.307307619792894E-4 5.69050811396879E-4 6.226635958479044E-4 6.691708336637668E-4 7.124918482005464E-4 7.799186094426166E-4 8.615945143077554E-4 9.311608542994372E-4 9.872707897499021E-4 9.774851582523651E-4 9.377693465212623E-4 8.777075183724267E-4 8.290677369351065E-4 8.148146962832706E-4 7.701238621867432E-4 7.483336184263259E-4
7.847698143147451E-4 7.824941710708517E-4 7.282830597172516E-4 6.627351300016841E-4 5.978212948418998E-4 5.623842441660114E-4 5.235492559830685E-4 4.961132042748543E-4 3.911800099357841E-4 3.5117031161019244E-4 3.4956490451914347E-4 3.5784551328940845E-4 4.051220269737973E-4 3.8403723493737744E-4 3.893216365705862E-4 3.916804771004386E-4 3.907810960471262E-4 4.1356101789532986E-4 4.3548211543795336E-4 4.6106635314683295E-4 4.786083952362531E-4 5.143509063419521E-4 4.879880385535553E-4 4.971475039898365E-4 5.305222927283139E-4 5.720024554628467E-4 6.21907265316034E-4 6.672306086167791E-4 7.159909550839307E-4 7.910616010152921E-4 8.432394084896071E-4 9.279883263538101E-4 9.89006919604568E-4 9.560835381957248E-4 9.14574103971632E-4 8.38903315690394E-4 7.971570023092543E-4 7.435839273197102E-4 7.426111527827271E-4 7.395693123988507E-4 6.773520675876971E-4
7.813496095039824E-4 7.828851018380276E-4 7.280401867833338E-4 6.515519574972379E-4 6.803790067577932E-4 6.136335588137067E-4 5.560323399347003E-4 5.368842380572761E-4 5.072527835798033E-4 3.967170486166068E-4 3.767655683622473E-4 3.812584166561367E-4 4.084452531418183E-4 4.2399503326292083E-4 4.0914069241883375E-4 4.159776612349075E-4 3.9778522309982025E-4 3.872898803995501E-4 3.9612098056434367E-4 4.331835002977531E-4 4.5783984536903284E-4 4.909849704132527E-4 5.467526109516034E-4 5.491442321084262E-4 5.680007911082605E-4 6.071884801741335E-4 6.638429700638906E-4 7.290800046408517E-4 7.699315103343024E-4 8.317628463351529E-4 9.110777091573594E-4 9.941835488059393E-4 9.326090402320198E-4 8.683111683263127E-4 8.464032712740533E-4 8.33971280586787E-4 7.467295867204808E-4 7.083367771353968E-4 6.783247694383717E-4 7.096239171161956E-4 6.395375088201644E-4
7.646831164912114E-4 7.827324693667581E-4 7.422347498819578E-4 7.007088189422331E-4 6.601858246619023E-4 6.156571498084155E-4 5.80735420938866E-4 6.05027782062156E-4 5.651320113349677E-4 4.2118925789116614E-4 3.849098276197554E-4 4.095529326720902E-4 4.313663561652434E-4 4.4568272075895055E-4 4.415921237766383E-4 4.015793628299718E-4 3.75757907526748E-4 3.716845004979607E-4 3.8555159350716104E-4 3.984448743799075E-4 4.23968282199869E-4 5.023400472957535E-4 5.4861416239878E-4 6.446642367448559E-4 6.420926783787877E-4 6.739935311144889E-4 7.036577840962723E-4 7.607580185825397E-4 8.060269835944405E-4 8.872294564284724E-4 9.758777157352624E-4 9.326520077021064E-4 8.437092975163027E-4 8.101594588708429E-4 7.820948465773131E-4 7.503623178019296E-4 7.788379416182878E-4 6.936318310002599E-4 6.411310358531594E-4 6.367999488824253E-4 5.789365109605865E-4
7.46542815133685E-4 7.963436912927605E-4 7.80567676287492E-4 7.601364426183042E-4 6.693905702472669E-4 6.068453076772253E-4 6.720109384544823E-4 6.470470300128816E-4 5.295968324113342E-4 5.080550201386649E-4 4.4612242641459035E-4 4.553814300477331E-4 5.015852902092491E-4 4.7996763892124293E-4 4.1242343537510536E-4 3.7619628129597374E-4 3.767956255217931E-4 3.8477232442500067E-4 3.950318090040985E-4 4.014071179250661E-4 4.216215653828687E-4 4.5552208066680373E-4 5.40793129967571E-4 6.2558545227187E-4 7.295050008058305E-4 7.549245127216663E-4 7.85613247199652E-4 8.049799624527885E-4 8.712844652450939E-4 9.659964909102093E-4 9.861295074557515E-4 8.831257797702486E-4 8.1251027763769E-4 7.871082864210025E-4 7.389534667391605E-4 7.168547392983399E-4 6.679477381949601E-4 6.654772188150627E-4 6.068704379826648E-4 5.555203000159391E-4 5.067817223129785E-4
7.321507447239777E-4 7.683906250340823E-4 7.95728520862957E-4 7.826512617492791E-4 6.969543094743069E-4 6.984171899718111E-4 7.049999862670005E-4 5.859004363769539E-4 5.840612476741366E-4 5.999967579863273E-4 5.354594662605384E-4 5.514402556427969E-4 5.365987009455996E-4 4.6644925543558037E-4 4.0101783893184753E-4 3.933280627388262E-4 3.7550261786907643E-4 3.9022946786310646E-4 4.089574130259388E-4 4.1999015692286334E-4 4.2800380876580074E-4 4.3658465171907124E-4 5.053178924619986E-4 6.186793172704264E-4 7.127647607697607E-4 7.848127482841646E-4 8.794109554261251E-4 9.162221033969431E-4 9.185516750569757E-4 0.001016881612997899 9.281950883763983E-4 8.478831766475674E-4 8.026868895637556E-4 7.555287858016115E-4 7.113831793803163E-4 6.717961448389209E-4 6.262204751088326E-4 5.779246373139632E-4 5.505517220985182E-4 5.185842433425423E-4 4.983095139701103E-4
6.92109116654728E-4 6.257993987962058E-4 7.091006549797032E-4 7.966992856637803E-4 7.703820394856621E-4 7.528036807473791E-4 5.790894112928244E-4 5.724308254190545E-4 6.398503579841902E-4 6.2708469191666E-4 6.351300624594544E-4 5.502342322416609E-4 4.4935302824928225E-4 3.968627298045837E-4 4.035567194688253E-4 3.8072849936009694E-4 3.6200558091372954E-4 3.656357271910239E-4 3.9971968350296726E-4 4.312523841331157E-4 4.4999420148214694E-4 4.6253315001883194E-4 4.817408297407513E-4 5.927471959346118E-4 6.633872669981089E-4 7.239960976492319E-4 7.786826189455073E-4 8.599723039942571E-4 0.0010047086240191085 9.985318751869307E-4 8.986964440481695E-4 7.989139732678237E-4 7.534196985166216E-4 7.5105584234482E-4 6.987120024303307E-4 6.429280994646792E-4 6.062353302245896E-4 5.655548344715995E-4 5.482654900635899E-4 5.477608885752264E-4 5.381642114547009E-4
5.923581194304234E-4 5.805589628596138E-4 6.755372798877184E-4 7.953248544962251E-4 7.881764434473675E-4 6.706682583440948E-4 6.183510076861793E-4 6.412838525510086E-4 7.223106039377711E-4 6.548655789810678E-4 5.967430365412806E-4 4.955564694051807E-4 4.0833045821481764E-4 3.857280454174969E-4 3.872587342167847E-4 3.8287356066621375E-4 3.74027213583795E-4 3.568329589762264E-4 3.7691116990287677E-4 4.2595236697308035E-4 4.711150212152522E-4 5.128267221371207E-4 5.159282210381783E-4 5.90807751902119E-4 6.720423779060682E-4 7.448564176641385E-4 8.083898704477324E-4 8.983348016018343E-4 0.001048009740450738 9.537462773310448E-4 8.400605792663987E-4 7.663351821274163E-4 7.436101248491081E-4 7.241309891050904E-4 6.924005632357934E-4 6.55991710357377E-4 6.189919480762934E-4 6.125266126117708E-4 5.854490705467579E-4 6.255830646323387E-4 5.916865396100577E-4
4.900548145765006E-4 5.817433196077059E-4 6.672780989363974E-4 7.509229399779995E-4 8.11262616065301E-4 6.796096981992517E-4 7.369422846306755E-4 7.731086251371282E-4 6.430594653617237E-4 5.600671797573372E-4 5.21418553420595E-4 4.6210148291472326E-4 4.122725337176566E-4 4.0462674508492307E-4 3.9959543774731836E-4 3.885030966403318E-4 3.868325814143389E-4 3.83022806087442E-4 4.016294663742075E-4 4.1395958923946434E-4 4.887846949230386E-4 5.166124472103082E-4 5.522557330702141E-4 6.143151969200578E-4 6.71142427213162E-4 7.587914352535481E-4 8.53065771797167E-4 9.382433723629212E-4 0.0010592798770718336 9.185003351401994E-4 8.390343132460309E-4 7.937389725567081E-4 7.801686443015981E-4 7.491227994596201E-4 7.288012333155517E-4 7.03048580082015E-4 6.955521018753756E-4 6.745266372398983E-4 6.693286772646887E-4 6.908841688701667E-4 6.523450651232468E-4
4.861770304425856E-4 5.161030438370625E-4 5.715916834002135E-4 6.89243733542167E-4 8.422251158365244E-4 7.565051035747317E-4 7.836971639097434E-4 6.544105478141315E-4 6.286790432585628E-4 5.537211376514728E-4 4.692885372889419E-4 4.423071497955374E-4 4.28148803464091E-4 4.3777652737509706E-4 3.9847537239486405E-4 4.106141970688781E-4 4.040440254335677E-4 4.211609829864534E-4 4.479890424941931E-4 4.69327194499413E-4 5.123225762400027E-4 5.415246930115036E-4 5.835874008591096E-4 6.281139957971367E-4 7.509216129550383E-4 7.962657009873893E-4 8.957213744779062E-4 9.807235851442106E-4 0.0010696750682252815 9.618826156546809E-4 9.200245896028253E-4 8.830706850637774E-4 8.605614976687396E-4 8.348124337476047E-4 7.886761883616786E-4 7.852302399882883E-4 7.750048591610816E-4 7.324920404034131E-4 7.73699969093838E-4 7.825372735683527E-4 7.142690440998541E-4
5.54407437680896E-4 5.027763208740782E-4 5.59186306277484E-4 6.881269571815229E-4 8.130971613428675E-4 8.601488095891897E-4 7.464209339390709E-4 7.267602527148374E-4 6.46844537049894E-4 5.428200502719003E-4 5.21781860424271E-4 5.030001454968447E-4 4.656824868730744E-4 4.6829678889022034E-4 4.3795231964881444E-4 4.365097419740522E-4 3.9363380608696297E-4 4.0695371260706477E-4 4.465614767429072E-4 5.08675475678586E-4 5.185679919787766E-4 5.407931540351907E-4 5.567067820288192E-4 6.312087344325814E-4 8.388092576459153E-4 8.84089526541639E-4 9.183449617222885E-4 0.0010492310270811655 0.001064646664306731 9.896360434316377E-4 9.566179610190702E-4 9.604618019312172E-4 9.020918152010272E-4 9.345366326138947E-4 8.749594302030006E-4 8.723033412127618E-4 8.468152014934881E-4 8.489957960282179E-4 8.606049262054137E-4 8.38383336791493E-4 8.129907251405288E-4
6.28283104108371E-4 5.929842069739924E-4 5.925894721227118E-4 6.631379721992185E-4 7.953954230915075E-4 8.50028223925448E-4 7.307545413045608E-4 5.885969524493664E-4 6.360422867755438E-4 6.388855096210161E-4 5.44576184267334E-4 5.221953155771334E-4 5.287807669090331E-4 4.682070403831592E-4 4.5256904024707043E-4 4.1258176500220966E-4 3.973545777001346E-4 4.1420227072581716E-4 4.4612118939374196E-4 4.651942612274013E-4 4.7334748785607286E-4 4.8625735228016736E-4 5.138956869596931E-4 5.892406187021327E-4 7.366468046928021E-4 8.901459227822785E-4 0.0010088031333095617 0.0010802707451929051 0.0010125075937870345 8.713491486988536E-4 8.1953861707499E-4 8.098309770201444E-4 8.104478095004478E-4 8.060446393837292E-4 8.26591516988271E-4 8.331750195075097E-4 8.391871018193618E-4 7.767617106140804E-4 7.21080747228559E-4 7.001732687404946E-4 6.782579165534343E-4
6.393039083967247E-4 7.010730231448657E-4 6.768830191529968E-4 7.808374571802299E-4 7.939839136538997E-4 9.061936398300684E-4 7.573254122085208E-4 6.431572942451405E-4 5.43288097487197E-4 5.308519122304879E-4 5.267878559454637E-4 5.290062024970903E-4 4.963274718663986E-4 4.5649409410459895E-4 4.3648105323436067E-4 4.3748533190630527E-4 4.2823973979987486E-4 4.2679755325234544E-4 4.4236474922786497E-4 4.679963048933961E-4 4.884831283431509E-4 5.151414422087527E-4 5.826256833560378E-4 6.31770358829588E-4 8.133657565245122E-4 8.90490922436634E-4 9.832839146642037E-4 0.0010753713404105148 9.109937187424281E-4 7.74692414248296E-4 7.770819386539927E-4 7.484801460263709E-4 7.564075945730099E-4 6.835173191175925E-4 6.992473212996723E-4 7.292714785299124E-4 7.983546763176541E-4 7.070879593784556E-4 6.361793554239077E-4 5.400241935251497E-4 5.621637720853638E-4
5.624904781124001E-4 6.32486089178927E-4 6.879800317588276E-4 7.501316769547256E-4 8.159504938562728E-4 8.975209082392129E-4 7.773778638383924E-4 6.599235718799096E-4 5.852633002852498E-4 4.692826192569611E-4 4.840438483915421E-4 4.858774671383695E-4 4.968455792678195E-4 4.8696841936614864E-4 4.623013517110857E-4 4.668847934283982E-4 4.662124889399824E-4 4.4423224155800865E-4 4.702540435150908E-4 5.08943140862535E-4 5.15829358085961E-4 5.199471843705316E-4 6.199238616395937E-4 7.09308598818765E-4 8.279606976675974E-4 9.097880633768321E-4 0.0010042882551607104 0.0010200816051515156 8.382417535806045E-4 7.110161368911504E-4 7.041945237724847E-4 7.110117847957185E-4 6.925440143496492E-4 6.730067110065597E-4 6.683798806008875E-4 6.777113261050402E-4 7.218009197732179E-4 7.296005382752471E-4 6.257596791296971E-4 6.163288765587431E-4 5.889089943150854E-4
