output/Mappa_traspirazione.asc
NCOLS 187
NROWS 176
XLLCORNER 659300.0
YLLCORNER 5127800.0
CELLSIZE 500.0
NODATA_VALUE -9999
[rows 90 to 107 of 176, columns 0 to 40 of 187]
-9999 7.892678135869728E-4 7.824837905296606E-4 7.960429267675675E-4 8.347948569592692E-4 8.701527100171754E-4 9.214112265204433E-4 0.0010407053074445354 0.001098182641257221 0.0011009097163934565 0.0010972274128263106 0.0010967212954194746 0.0010899289734108953 0.0010726934903459197 0.0010524170456683724 0.0010338862820076697 9.98644117883368E-4 9.318679382632099E-4 8.797668607585685E-4 8.281179301100084E-4 7.502915637350472E-4 6.436337268747256E-4 5.856364492714457E-4 5.392974732246123E-4 5.107703020337784E-4 5.408488366826089E-4 4.895904920399225E-4 4.604736749438468E-4 4.590740376745373E-4 4.3357567606176463E-4 4.0647647131049277E-4 4.366700927184144E-4 4.8483043061140786E-4 4.881993014559486E-4 4.842373606640365E-4 4.805285037167725E-4 4.6235144843831204E-4 4.5312657958684633E-4 4.686892702819041E-4 4.8758154991230613E-4 5.233810768316209E-4
-9999 7.048026524430695E-4 6.597806287112315E-4 6.879447177069572E-4 7.141801232813631E-4 7.406374922498958E-4 8.335472776918658E-4 9.81029707998526E-4 0.001060467422887237 0.001104568497311916 0.001101942073117844 0.0011014300441170323 0.0010951440517730016 0.0010836329823531183 0.0010700605660337367 0.001057731142842699 0.0010088351564856172 9.073026042884299E-4 8.602493714729398E-4 7.294650220063031E-4 6.353111663008262E-4 5.950612518911432E-4 5.238759124169015E-4 5.18349428830466E-4 5.591602707863336E-4 5.226035528582258E-4 4.8446029539569183E-4 4.8650173210913094E-4 4.8016837901839257E-4 4.3447619369039217E-4 4.06344671931433E-4 4.1149654624819096E-4 4.491524201528168E-4 4.545420833697083E-4 4.8421161752852E-4 5.505953120165598E-4 5.121103314318883E-4 5.092251094498374E-4 5.30017150890666E-4 5.616767347715833E-4 5.764419248055983E-4
-9999 6.042272941130052E-4 5.844013217842691E-4 5.838236878930707E-4 6.618308549274638E-4 6.563815854306934E-4 7.457185140806095E-4 9.222038641000827E-4 0.0010428108210465657 0.001104552071412629 0.001105607062369703 0.0011045605475035838 0.0011024669286493931 0.0010977518559210197 0.0010888414134771793 0.0010807047314810487 9.753652036336341E-4 8.726518723040457E-4 8.171325440131299E-4 6.800164880007389E-4 6.108843428692186E-4 5.842045178107384E-4 5.51590247783937E-4 5.417605622040802E-4 5.634679732712398E-4 5.460491117679468E-4 5.474557346032224E-4 5.370773590210561E-4 4.636809952781124E-4 4.4832674762659993E-4 4.2425189403599834E-4 3.980292251883296E-4 4.279038778155604E-4 3.81923906395692E-4 4.2470816564330326E-4 5.172325905551404E-4 5.605207052711866E-4 5.785357999845655E-4 5.883566476004852E-4 6.374819988607273E-4 6.524741886956766E-4
-9999 5.632842438488139E-4 5.261788711928215E-4 5.287260875601446E-4 5.831314695973691E-4 6.170235674290401E-4 7.088137002686139E-4 8.609313130204382E-4 0.001042780298691267 0.0011071365053819235 0.0011066448012004807 0.0011076958574624252 0.0011082302361292231 0.0011061382372595503 0.0011024546836619995 0.0010979773487995333 9.93537011943829E-4 9.295002443001489E-4 7.654796544855007E-4 6.29776197942916E-4 6.262533776167633E-4 6.08571784857223E-4 5.961065013605983E-4 6.086150160628854E-4 5.919902284354097E-4 5.566710330611423E-4 5.1329279379131E-4 4.765636327162738E-4 5.010812011775797E-4 4.616036772105356E-4 4.2656233979498285E-4 4.022227655469601E-4 3.8214898243806695E-4 3.9888882149479273E-4 4.510356145416089E-4 4.948911781821884E-4 5.22421715486627E-4 5.410235610424497E-4 5.765257269085184E-4 6.089499224185536E-4 6.298379304534931E-4
-9999 5.441057176773147E-4 5.097050291067477E-4 5.042230562527346E-4 5.571924511442834E-4 6.667979716917049E-4 7.826561232283562E-4 8.887438717176707E-4 0.0010278390383067373 0.00109187096496539 0.0011092657843599306 0.0011092651613322352 0.0011108410560782122 0.001111909927797928 0.0011077041403168267 0.001106910120943092 9.920730894113217E-4 8.555108927739276E-4 7.57899252310849E-4 6.458582988926589E-4 6.263160954169442E-4 6.392423979647439E-4 6.326335574572234E-4 5.883409204839436E-4 5.34901333471191E-4 5.300314390001953E-4 5.339182326728276E-4 4.7891140712534255E-4 4.5724335954334196E-4 4.4586624847773644E-4 4.416249710985491E-4 4.1819925924048944E-4 3.9480388286423045E-4 4.1969240374476174E-4 4.532457304251473E-4 4.4817324468296866E-4 5.471003495094219E-4 5.958961936977374E-4 6.348888006446619E-4 6.76220025302296E-4 7.077809579719975E-4
-9999 5.143060351217563E-4 4.8274911228937586E-4 4.675137391017759E-4 5.01824846130939E-4 6.062570564945927E-4 7.181710456566178E-4 8.80591995832945E-4 0.0010293818922830888 0.0010933948895407604 0.0011113486994369193 0.0011113608015187071 0.0011108303676067644 0.0011129428459969888 0.0011124538103062646 0.0011037526842403273 9.758661602185245E-4 8.736249912734453E-4 7.363160068138459E-4 6.546586369051078E-4 7.182133781521119E-4 6.57628989554779E-4 6.267933567825408E-4 5.721692983887109E-4 5.468006086761639E-4 5.029517445881155E-4 4.8415810527609936E-4 4.988204020906937E-4 4.4233867420464867E-4 4.207487433267655E-4 4.31931258051943E-4 4.224268088409403E-4 4.291985731368607E-4 4.340883605552669E-4 4.238496374493216E-4 4.929705576174823E-4 5.916648713459997E-4 6.510426069715206E-4 6.912282574503548E-4 7.16157569821581E-4 7.578833531693056E-4
-9999 4.81411020210522E-4 4.6637076721138976E-4 4.773752478777503E-4 5.749983912003378E-4 6.799319743175218E-4 8.127345736764496E-4 9.087655777799797E-4 0.001025271065839672 0.0010755857386985812 0.0011081692451640512 0.001112926538488938 0.0011134553387505126 0.0011134613517989871 0.0011135343874678198 0.0010963527757101425 9.808939069894192E-4 8.736206718906079E-4 7.029497443649378E-4 7.178485450025461E-4 6.844052639535548E-4 6.894700754297879E-4 6.636401875177222E-4 6.225402774700152E-4 5.703754285328499E-4 5.394730928451054E-4 5.063081884779674E-4 4.8338658334974225E-4 4.521509264946881E-4 4.369116277674939E-4 4.1906203948317074E-4 4.5708146229113525E-4 4.450488176760072E-4 4.21771817016162E-4 4.1689957908032485E-4 5.011899517497417E-4 5.519454346163824E-4 5.53827751014534E-4 5.964212596859814E-4 6.408628730399478E-4 7.213564336355343E-4
-9999 4.6887921104264403E-4 4.481851648203527E-4 4.953409590810242E-4 6.040014932162753E-4 6.667582282453265E-4 7.553851195029659E-4 9.248931578992451E-4 0.0010154577556911772 0.001077173095858359 0.0011076386741191643 0.0011134364470364996 0.001114497110682249 0.0011150268626532165 0.0011120091787730616 0.0010722631567473277 9.797982305973306E-4 8.953574159303862E-4 8.153801144320946E-4 7.287013546878786E-4 6.318036294112384E-4 6.361030890190059E-4 6.316606092713101E-4 6.508554903325813E-4 6.07212308143775E-4 5.624797890149359E-4 5.378073405404365E-4 5.194377901895388E-4 4.7516778783852963E-4 4.797341375819118E-4 4.365404801694665E-4 4.8190746724202904E-4 4.6254396367241025E-4 4.19180164489636E-4 4.2865245551874524E-4 4.416024509254795E-4 4.4692955095621803E-4 4.4160870043915494E-4 5.178493218482899E-4 5.993152246313776E-4 7.006475598236518E-4
-9999 4.819297189312958E-4 4.8526731540229055E-4 5.0109532100708E-4 5.220459035903762E-4 5.821349089113229E-4 7.391336016888486E-4 8.815612174395863E-4 0.0010048933358569104 0.001094132329450955 0.0011110263821315569 0.001111552689560235 0.0011136602299630265 0.0011131415985708877 0.0011164186785834434 0.0010532893174907824 9.483724130436767E-4 9.089844584034637E-4 8.240924665890604E-4 7.046903868962322E-4 6.424981764616972E-4 6.048393035268273E-4 5.723525745431167E-4 6.06284991965938E-4 6.113128034723937E-4 6.033710156952013E-4 5.802808746190031E-4 5.529503515777613E-4 5.120374141920627E-4 4.950091176230937E-4 4.7592453444596174E-4 5.022686353299725E-4 4.834064220565297E-4 4.394997719567784E-4 4.5213613207090755E-4 4.338581483240113E-4 4.3478283472038525E-4 4.7143702401508545E-4 4.8402788742391776E-4 5.578963190450666E-4 6.510556538409549E-4
-9999 5.12380389486196E-4 5.665048443938075E-4 5.698264098776844E-4 5.765269475866861E-4 5.580048244282361E-4 6.986264967655433E-4 8.882264159139053E-4 9.993371495104159E-4 0.0010805147024024308 0.0011067954004593608 0.001108380007095242 0.0011099540266890503 0.0011173473151850379 0.001117886724066132 0.0011165216062925946 9.745064335750645E-4 9.017611133014532E-4 7.308990601029658E-4 6.46885348533722E-4 6.259286408522079E-4 5.761467272359999E-4 5.527463442286915E-4 5.651532968198429E-4 5.678362747112398E-4 5.496135649246864E-4 5.339509068779027E-4 5.27235527838015E-4 5.00112491884903E-4 4.972306276816934E-4 5.203166484902697E-4 5.370343416212467E-4 4.823126637309004E-4 4.603817844844172E-4 4.8359637957565556E-4 4.499253430578384E-4 4.406727519012911E-4 4.8571798214083934E-4 5.051667910305821E-4 5.794345819126283E-4 6.347732176868722E-4
-9999 4.78269827237072E-4 5.775943455048038E-4 6.44207529873047E-4 6.653590729454253E-4 5.977544779052305E-4 6.928919512995106E-4 8.398077788751566E-4 0.0010218374239003688 0.001085242795583945 0.0011015214986264856 0.0011067861245082908 0.0011110038177536792 0.0011146981808536685 0.001116818608159493 0.0011158006332269977 0.0010960718429487042 9.500074133719888E-4 7.970789057504489E-4 6.638194382605755E-4 5.735105748682202E-4 5.991317161572451E-4 5.899227585653019E-4 5.406898309091918E-4 5.794481843364399E-4 5.617251461601213E-4 5.671434891390258E-4 5.709565096014886E-4 5.227501473342964E-4 5.393874391741667E-4 5.543441831793173E-4 5.25301556092859E-4 4.702683452033866E-4 4.874791259792603E-4 4.969837592727522E-4 4.7677540767698416E-4 4.5242702606432484E-4 4.6016422685500586E-4 5.305030385007357E-4 5.946502393180103E-4 5.918115606481279E-4
-9999 4.7221842490714115E-4 5.58717750078104E-4 6.750976022225274E-4 7.665781188586571E-4 7.219181190257311E-4 7.712697885008072E-4 8.928722658687602E-4 0.0010321096762460514 0.0010925574877420938 0.001099408058202651 0.0011057212005312225 0.0011109931683790997 0.0011146869573002355 0.0011173343241874547 0.0011189190965339602 0.001118634569272851 9.907232895962805E-4 8.256117989670182E-4 6.917834957467614E-4 6.43232316082909E-4 6.349110008178019E-4 6.434083105199144E-4 5.706407344352101E-4 5.897049679827017E-4 6.22207102165101E-4 6.038346289740709E-4 6.096801178248818E-4 5.694989812675008E-4 5.80280697889488E-4 5.511709023001673E-4 5.12079221525224E-4 4.739807559572883E-4 4.80066535118819E-4 5.354648318115056E-4 5.030134591800321E-4 4.864148982165686E-4 4.5814668914362627E-4 4.7407695458821276E-4 4.995576560226358E-4 5.628309042904411E-4
-9999 5.843393935530091E-4 5.532090235475127E-4 6.443901220988225E-4 7.708567057660269E-4 8.523818625142174E-4 8.900974415852035E-4 9.57615210086526E-4 0.001025406052022534 0.0010808726632875923 0.0010993711366069274 0.0011057130132538864 0.0011109826786575322 0.001115205341947355 0.0011183810598962918 0.0011178531248324441 0.001119552557649851 0.0010667799366082097 9.19332862311247E-4 7.611295964703602E-4 6.673090363329033E-4 6.589117692257395E-4 6.646400835999162E-4 5.958075705448929E-4 5.960443355256557E-4 6.446129358187688E-4 6.406893097735713E-4 6.332895104368458E-4 6.228142997564844E-4 5.996310594566133E-4 5.472905486445164E-4 4.952435507729928E-4 4.86563465263804E-4 5.122627672043222E-4 5.318677960179875E-4 5.41605742342834E-4 5.070986999366014E-4 4.721450955753174E-4 4.5744229127970865E-4 4.6923751373601326E-4 4.79114793927228E-4
-9999 6.039859073683823E-4 6.827591370288768E-4 6.955005233565168E-4 8.301809855391222E-4 9.028366223062192E-4 9.535700998829448E-4 0.0010127854641935206 9.710166924489738E-4 0.0010043426045213961 0.0010870619626078435 0.0011077730776764146 0.0011125526091679844 0.0011167785578800435 0.001118372401711647 0.0011189039935001564 0.0011199956483827244 0.001106483830899543 0.0010039562567282468 8.589879040956051E-4 6.975251873803266E-4 7.218156213224497E-4 6.585409443756465E-4 6.333953622251187E-4 6.251391230016958E-4 6.852888460082111E-4 6.491331567045382E-4 6.243684295963762E-4 5.769015045833643E-4 5.461360244583543E-4 5.190632643970993E-4 4.8529609198885053E-4 4.856039495633836E-4 5.32309584933106E-4 5.732929577496817E-4 5.818473948935128E-4 5.3028340963252E-4 4.859248076034767E-4 4.7546916394240524E-4 4.895769588123692E-4 5.167635458295596E-4
-9999 6.580618542582459E-4 7.67306750390182E-4 8.251493295945458E-4 8.761670298972147E-4 9.716937231465678E-4 9.545639794998413E-4 9.257017809243325E-4 9.022110683905337E-4 9.396589536299977E-4 9.778960541214218E-4 0.0010917519705403744 0.0011141243164380422 0.0011178203011967846 0.001120474213304979 0.001120480174231339 0.0011210222166771091 0.0011200755666594528 0.0010730914257160446 9.007468557575791E-4 7.642029766103301E-4 7.178903898029067E-4 6.781053361208408E-4 6.440671297528915E-4 6.785655811609278E-4 7.078990718116568E-4 6.58841916975268E-4 5.93882753170421E-4 5.718324992425571E-4 5.413325585719882E-4 5.171240097534171E-4 4.982686675992637E-4 5.078524385898684E-4 5.634119366278559E-4 5.69679929721161E-4 6.213097798858071E-4 5.382150547780563E-4 5.144501476494387E-4 5.060623503166138E-4 5.527946441857131E-4 5.708826641657063E-4
-9999 7.860051544259036E-4 7.993587069593279E-4 8.689972921833742E-4 9.25041517688571E-4 9.049620343402633E-4 8.302594577825311E-4 7.954569735612805E-4 8.760289491258174E-4 9.40690295966923E-4 9.276885785067872E-4 9.874094372502675E-4 0.0011156631387424995 0.0011178074849364289 0.0011209928367275374 0.001121004136280638 0.0011215416006753129 0.0011215890932183854 0.001105587986276117 8.997275881474553E-4 8.246663113513192E-4 7.187158431804768E-4 7.32222154540032E-4 7.187908122432889E-4 7.18579041972191E-4 6.627358189566382E-4 6.432248212709202E-4 5.961791782558552E-4 5.788663929891473E-4 5.764915602840221E-4 5.443596198086725E-4 5.16683991974268E-4 5.331022271443239E-4 5.610596782032616E-4 6.009825022712062E-4 6.490640266546267E-4 5.521194219028142E-4 5.501774095140858E-4 5.291981515947594E-4 5.49292804175383E-4 5.915068465119338E-4
-9999 7.760315976570439E-4 8.950941039521617E-4 9.380645484041802E-4 9.686268063755061E-4 8.663171215857683E-4 6.793905860873612E-4 7.002943964776993E-4 8.366324139166907E-4 9.169475158089992E-4 9.296614186646418E-4 9.667816174713004E-4 0.0010991744199944258 0.0011162143893959642 0.0011209860138788662 0.0011220561600674569 0.0011210128292524844 0.0011220934118784237 0.0011213937760211144 9.134017664119713E-4 8.382420169996493E-4 7.915009515964832E-4 7.86649823726302E-4 7.001823400070399E-4 6.982164758855911E-4 6.266421158720886E-4 6.12059753910556E-4 6.114463909012642E-4 6.216973518323069E-4 5.989523538823157E-4 5.644529873209116E-4 5.606933355747385E-4 5.361986241905208E-4 5.525898731249719E-4 5.684177277132671E-4 6.42527965579625E-4 6.221021233725306E-4 5.943852254388025E-4 5.36490682125426E-4 5.353791730404249E-4 5.899623912544968E-4
-9999 8.583639424188128E-4 9.181746820093006E-4 8.402496962784638E-4 7.963461231583093E-4 6.798734116080805E-4 6.137333746416624E-4 6.371644335504093E-4 7.936397116589156E-4 8.86737949466494E-4 9.03231044441461E-4 9.503754689730503E-4 0.001030391028144497 0.0011176587855282157 0.001122564370394924 0.0011220493749332227 0.0011225987738633578 0.0011221038337706386 0.0011191727187766251 9.917658266377577E-4 9.160213399699007E-4 7.629289737238429E-4 7.099779909556738E-4 6.627660943916477E-4 6.261382400280864E-4 6.39189134390559E-4 6.533346884287121E-4 6.677969528699313E-4 6.566797899040201E-4 6.178703925761529E-4 5.937633743551705E-4 5.710368045764358E-4 5.894840305306666E-4 5.992712668052381E-4 5.845651512181185E-4 6.237616300697757E-4 6.819214522927953E-4 6.114437957528249E-4 5.490324517213726E-4 5.687756995139567E-4 5.657035418997082E-4
