data/DataRaster/DEM.asc
NCOLS 187
NROWS 176
XLLCORNER 659300.0
YLLCORNER 5127800.0
CELLSIZE 500.0
NODATA_VALUE -9999
[rows 120 to 139 of 176, columns 0 to 44 of 187]
2165.64990234375 2338.044921875 2151.75 2068.679931640625 1696.8399658203125 1407.1500244140625 1338.699951171875 1265.5999755859375 1380.27001953125 1321.6800537109375 1296.550048828125 1283.1800537109375 1224.3800048828125 1113.0999755859375 1008.75 898.3900146484375 718.8900146484375 754.40997314453125 584.02001953125 531.510009765625 279.510009765625 248.2599945068359375 246.0500030517578125 246.1699981689453125 248.089996337890625 248.80999755859375 259.3699951171875 333.839996337890625 695.90997314453125 832.1199951171875 982.21002197265625 943.719970703125 1017.21002197265625 1176.6500244140625 1208.300048828125 1126.8399658203125 970.46002197265625 963.27001953125 1014.21002197265625 963.1500244140625 1008.70001220703125 882.4000244140625 706.84002685546875 558.34002685546875 441.350006103515625
2229.5869140625 2169.222900390625 2104.169921875 1987.93994140625 1692.219970703125 1583.800048828125 1529.25 1568.010009765625 1659.3199462890625 1601.31005859375 1669.6700439453125 1657.300048828125 1353.9599609375 1131.4599609375 1027.1700439453125 909.1400146484375 974.08001708984375 855.65997314453125 812.44000244140625 589.96002197265625 515.33001708984375 274.670013427734375 248.5 247.600006103515625 245.92999267578125 248.910003662109375 247.529998779296875 477 560.57000732421875 617.1400146484375 778.40997314453125 845.08001708984375 987.58001708984375 1033.3499755859375 1178.9300537109375 1186.31005859375 1188 936.65997314453125 903.510009765625 891.780029296875 854.40997314453125 807.59002685546875 665.84002685546875 485.970001220703125 517.780029296875
2073.8759765625 2118.927001953125 1849.0400390625 1812.5799560546875 1612.5699462890625 1572.1800537109375 1677.8399658203125 1711.5400390625 1661.6600341796875 1632.2099609375 1754.56005859375 1757.6800537109375 1583 1320.030029296875 1156.1800537109375 1101.8399658203125 1117.1400146484375 951.59002685546875 820.84002685546875 759.260009765625 727.0999755859375 436.730010986328125 275.459991455078125 269.739990234375 252.1100006103515625 246.2299957275390625 246.399993896484375 248.089996337890625 312.230010986328125 480.1199951171875 808.27001953125 880.09002685546875 834.80999755859375 997.30999755859375 1050.969970703125 1058.97998046875 1168.8299560546875 1131.6800537109375 827.25 688.90997314453125 708.27001953125 690.84002685546875 522.8800048828125 330.160003662109375 508.170013427734375
2054.991943359375 2089.02099609375 1832.633056640625 1608.780029296875 1543.6400146484375 1528.06005859375 1728.56005859375 1660.93994140625 1543.9300537109375 1639.260009765625 1720.8399658203125 1749.52001953125 1768.4300537109375 1576.449951171875 1384.7099609375 1290.5899658203125 1230.6500244140625 1055.449951171875 865.90997314453125 979.6500244140625 891.3800048828125 675.72998046875 348.45001220703125 304.720001220703125 264.92999267578125 245.57000732421875 245.5399932861328125 245.55999755859375 256.779998779296875 274.209991455078125 454.70001220703125 619.3900146484375 728.219970703125 807.58001708984375 891.15997314453125 957.1099853515625 1079.2099609375 1108.280029296875 1004.08001708984375 700.46002197265625 507.42999267578125 501.720001220703125 347.339996337890625 397.230010986328125 697.40997314453125
1913.279052734375 2009.93798828125 1794.842041015625 1578.8900146484375 1433.5699462890625 1498.469970703125 1745.1800537109375 1596.469970703125 1477.2099609375 1585.9300537109375 1662.25 1706.9300537109375 1711.0400390625 1757.0899658203125 1781.0899658203125 1648.1400146484375 1412.1400146484375 1223.81005859375 1083.5999755859375 1064.31005859375 909.4000244140625 817.77001953125 442.540008544921875 310.339996337890625 266.760009765625 244.57000732421875 245.3300018310546875 246.6100006103515625 246 249.350006103515625 264.790008544921875 322.100006103515625 514.6400146484375 780.05999755859375 767.489990234375 727.6500244140625 775.80999755859375 783.52001953125 670.969970703125 596.489990234375 481.8599853515625 316.6099853515625 324.399993896484375 504.29998779296875 838.77001953125
1807.85498046875 1909.9139404296875 1883.948974609375 1577.4599609375 1384.5899658203125 1445.969970703125 1510.6300048828125 1481.68994140625 1417.75 1547.780029296875 1619.1800537109375 1634.4300537109375 1665.8900146484375 1729.5799560546875 1785.3900146484375 1817.68994140625 1776.3900146484375 1451.550048828125 1093.5400390625 940.09002685546875 865.530029296875 719.6500244140625 696.52001953125 396.220001220703125 252.660003662109375 243.5800018310546875 244.350006103515625 244.7599945068359375 244.910003662109375 245.1100006103515625 245.0500030517578125 253.30999755859375 380.3900146484375 540.94000244140625 602 487.920013427734375 694.239990234375 555.760009765625 437.510009765625 322.95001220703125 273.32000732421875 284.839996337890625 285.45001220703125 439.19000244140625 691.69000244140625
1853.9110107421875 1802.9599609375 1811.9859619140625 1587.4000244140625 1374.9599609375 1475.02001953125 1427.010009765625 1420.0899658203125 1426.5899658203125 1481.260009765625 1524 1576.8900146484375 1612.199951171875 1682.7900390625 1750.050048828125 1787.3800048828125 1791.8389892578125 1639.7099609375 1272.6300048828125 1195.31005859375 1047.9300537109375 793.15997314453125 817.510009765625 642.5999755859375 317 243.19000244140625 244.4600067138671875 243.399993896484375 243.6199951171875 244.4799957275390625 241.529998779296875 241.529998779296875 241.529998779296875 241.529998779296875 251.149993896484375 297.3699951171875 293.540008544921875 248.6399993896484375 255.3000030517578125 260.80999755859375 269.1300048828125 278.160003662109375 274.459991455078125 270.8599853515625 324.1199951171875
1764.0899658203125 1703.3360595703125 1628.77294921875 1528.9510498046875 1347.6700439453125 1389.9300537109375 1321.280029296875 1357.56005859375 1366.02001953125 1452.010009765625 1473.4300537109375 1527.9100341796875 1602.68994140625 1662.2099609375 1695.43994140625 1741.6800537109375 1742.0360107421875 1616.780029296875 1636.9029541015625 1481.6800537109375 1101.0699462890625 975.34002685546875 943.8499755859375 870.69000244140625 498.209991455078125 245.7400054931640625 242.850006103515625 243.0099945068359375 244.0099945068359375 243.5099945068359375 241.600006103515625 241.529998779296875 241.529998779296875 241.529998779296875 241.529998779296875 243.6199951171875 245.8300018310546875 247.3899993896484375 251.600006103515625 256.019989013671875 261.45001220703125 270.660003662109375 265.8900146484375 264.20001220703125 266.17999267578125
1618.7640380859375 1532.051025390625 1432.56298828125 1361.2939453125 1317.60498046875 1186.2869873046875 1223.06005859375 1261.43994140625 1359.25 1406.3199462890625 1429.6700439453125 1511.9599609375 1580.1800537109375 1603.4300537109375 1656.5830078125 1691.0830078125 1688.68798828125 1592.760009765625 1686.0810546875 1763.3790283203125 1671.998046875 1156.06005859375 914.69000244140625 771.489990234375 810.989990234375 533.96002197265625 348.760009765625 246.279998779296875 242.55999755859375 242.089996337890625 241.649993896484375 243 241.529998779296875 241.529998779296875 241.529998779296875 241.529998779296875 243.42999267578125 247.0200042724609375 249.029998779296875 252.9900054931640625 258.1099853515625 260.510009765625 262.230010986328125 265.279998779296875 266.80999755859375
1784.54296875 1796.446044921875 1699.5830078125 1419.0899658203125 1369.7750244140625 1249.0970458984375 1159.06005859375 1214.3299560546875 1284.56005859375 1326.0699462890625 1398.75 1461.969970703125 1543.969970703125 1610.81494140625 1659.8499755859375 1614.343017578125 1505.7110595703125 1560.9659423828125 1712.802978515625 1774.0989990234375 1832.7740478515625 1197.300048828125 1024.1800537109375 833.010009765625 721.59002685546875 494.29998779296875 329.8900146484375 314.54998779296875 245.1199951171875 241.529998779296875 241.529998779296875 241.529998779296875 243.1300048828125 241.529998779296875 241.529998779296875 242.100006103515625 242.9799957275390625 246.44000244140625 249.410003662109375 251.5200042724609375 255.3600006103515625 258.579986572265625 338.19000244140625 513.780029296875 453.6099853515625
1848.136962890625 1845.968017578125 1773.3389892578125 1469.219970703125 1477.4930419921875 1340.9749755859375 1315.3079833984375 1089.344970703125 1215.8299560546875 1276.8299560546875 1354.5699462890625 1424.81005859375 1477.0400390625 1637.81005859375 1723.8699951171875 1491.1419677734375 1517.01904296875 1622.2139892578125 1720.06103515625 1775.262939453125 1750.6240234375 1349.1800537109375 1124.5 881.6199951171875 737.09002685546875 671.83001708984375 451.959991455078125 389.220001220703125 282.160003662109375 254.8800048828125 241.529998779296875 241.529998779296875 241.529998779296875 241.899993896484375 241.529998779296875 241.529998779296875 243.6399993896484375 246.3600006103515625 248.7299957275390625 250.30999755859375 252.8899993896484375 253.470001220703125 306.5 647.6099853515625 881.4000244140625
1796.6190185546875 1748.3199462890625 1674.85302734375 1475.6090087890625 1446.97802734375 1319.9549560546875 1308.6839599609375 1112.739990234375 1167.550048828125 1221.3719482421875 1312.31103515625 1347.364013671875 1447.5009765625 1619.947998046875 1656.282958984375 1464.2969970703125 1465.45703125 1610.8089599609375 1688.8690185546875 1732.3699951171875 1814.2120361328125 1375.56005859375 1074.1500244140625 926.28997802734375 721.21002197265625 588.1400146484375 468.600006103515625 357.600006103515625 350.480010986328125 364.8599853515625 291.709991455078125 251.350006103515625 241.9799957275390625 241.529998779296875 294.510009765625 242.279998779296875 243.0200042724609375 245.8600006103515625 247.32000732421875 247.600006103515625 251.6199951171875 329.3800048828125 469.160003662109375 618.58001708984375 982.8699951171875
1652.89599609375 1557.6810302734375 1515.9100341796875 1397.885009765625 1322.926025390625 1266.56494140625 1273.987060546875 1266.39404296875 1007.11297607421875 1166.85302734375 1234.698974609375 1284.1300048828125 1447.7110595703125 1572.5050048828125 1575.93896484375 1443.656005859375 1422.239990234375 1576.2039794921875 1677.531005859375 1736.0889892578125 1738.39501953125 1624.323974609375 1224.9100341796875 977.4000244140625 751.530029296875 626.5 492.010009765625 399.040008544921875 324.75 387.769989013671875 327.92999267578125 292.70001220703125 278.100006103515625 281.410003662109375 289.42999267578125 343.1300048828125 243.2599945068359375 244.7700042724609375 243.8300018310546875 245.3000030517578125 246.5800018310546875 435.290008544921875 824.239990234375 978.16998291015625 1064.1400146484375
1678.072021484375 1572.988037109375 1487.1710205078125 1300.010009765625 1280.6009521484375 1239.5340576171875 1329.18896484375 1256.3079833984375 994.83837890625 1081.990966796875 1161.333984375 1231.8990478515625 1397.1610107421875 1455.031005859375 1533.3719482421875 1394.9439697265625 1438.3089599609375 1581.4530029296875 1627.2659912109375 1632.8079833984375 1646.970947265625 1670.0989990234375 1268.4100341796875 972.260009765625 727.1400146484375 627.09002685546875 504.269989013671875 446.80999755859375 392.850006103515625 388.470001220703125 357.160003662109375 401.07000732421875 398.04998779296875 349.519989013671875 387.94000244140625 249.220001220703125 241.600006103515625 241 242.07000732421875 243.600006103515625 245.44000244140625 507.459991455078125 934.29998779296875 1222.1199951171875 1339.9599609375
1599.4749755859375 1587.9630126953125 1492.0760498046875 1311.8270263671875 1161.532958984375 1251.8890380859375 1367.717041015625 1217.907958984375 1083.6800537109375 1026.843017578125 1149.0689697265625 1208.6199951171875 1401.696044921875 1415.2659912109375 1483.02001953125 1284.031005859375 1453.7459716796875 1533.416015625 1519.9119873046875 1629.470947265625 1560.261962890625 1620.7760009765625 1334.3399658203125 1019.530029296875 764.780029296875 594.16998291015625 518.219970703125 456.75 395.410003662109375 346.55999755859375 408.790008544921875 434.45001220703125 409.970001220703125 402.510009765625 386.6099853515625 238.8600006103515625 238.839996337890625 238.600006103515625 239.6300048828125 240.600006103515625 419.649993896484375 610.260009765625 1087.8699951171875 1253.6300048828125 1375.6099853515625
1489.175048828125 1559.2449951171875 1523.156982421875 1251.873046875 1102.4510498046875 1220.489013671875 1280.5450439453125 1161.9859619140625 1131.22900390625 956.33319091796875 1105.0260009765625 1291.7779541015625 1356.7779541015625 1392.0040283203125 1298.383056640625 1279.791015625 1385.574951171875 1445.93603515625 1509.2530517578125 1542.6009521484375 1477.0830078125 1588.760986328125 1457.4100341796875 1030.52001953125 768.45001220703125 589.44000244140625 526.09002685546875 448.540008544921875 408.829986572265625 381.79998779296875 418.55999755859375 434.010009765625 444.529998779296875 440.260009765625 349.019989013671875 238.3300018310546875 237.57000732421875 237.4600067138671875 237.9900054931640625 238.839996337890625 342.05999755859375 715.3699951171875 977.32000732421875 1216 1355.260009765625
1459.550048828125 1417.583984375 1360.0389404296875 1191.29296875 1094.8330078125 1102.4849853515625 1088.468017578125 1019.10699462890625 1090.9410400390625 915.65692138671875 1097.133056640625 1258.010986328125 1305.5860595703125 1342.2430419921875 1190.2440185546875 1286.1099853515625 1357.8499755859375 1324.1199951171875 1440.1829833984375 1438.5159912109375 1516.2049560546875 1545.2569580078125 1498.5439453125 1039.02001953125 781.219970703125 589.59002685546875 537.1099853515625 451.6099853515625 400.3900146484375 387.850006103515625 422.25 429.790008544921875 455.149993896484375 462.989990234375 336.910003662109375 236.4600067138671875 235.8000030517578125 235.3000030517578125 236.160003662109375 237.1399993896484375 284.95001220703125 692.15997314453125 844.8599853515625 1008.97998046875 1138.2900390625
1421.4840087890625 1380.071044921875 1223.8160400390625 1134.43896484375 1066.7459716796875 998.5115966796875 964.560791015625 967.81182861328125 1041.06201171875 821.0745849609375 996.4578857421875 1201.7750244140625 1280.4969482421875 1276.488037109375 1147.156982421875 1150.56201171875 1156.10498046875 1316.06005859375 1455.76904296875 1493.7049560546875 1517.530029296875 1442.9830322265625 1287.739990234375 959.46002197265625 762.75 611.19000244140625 542.1099853515625 501.170013427734375 415.8800048828125 397.54998779296875 420.589996337890625 428.739990234375 469.5 482.459991455078125 424.779998779296875 241.470001220703125 234.3600006103515625 234 234.600006103515625 234.3899993896484375 234 312.3800048828125 698.83001708984375 814.65997314453125 883.0999755859375
1326.511962890625 1388.8759765625 1270.5379638671875 1207.385986328125 1077.9820556640625 992.61968994140625 926.1251220703125 908.6790771484375 991.6865234375 812.9547119140625 1073.345947265625 1175.5009765625 1201.0379638671875 1116.60595703125 1091.4200439453125 1234.737060546875 1377.7020263671875 1490.739013671875 1546.261962890625 1594.60302734375 1612.074951171875 1568.718017578125 1109.2900390625 913.77001953125 801.4000244140625 630.82000732421875 532.41998291015625 474.3900146484375 432.149993896484375 405.970001220703125 417.95001220703125 451.79998779296875 483.720001220703125 502.260009765625 477.269989013671875 243.8800048828125 233.2100067138671875 233.100006103515625 233.089996337890625 233.1100006103515625 232.160003662109375 232.160003662109375 527.030029296875 691.5 810.20001220703125
1368.6429443359375 1451.531005859375 1277.3509521484375 1103.8680419921875 1044.427001953125 984.09613037109375 881.94671630859375 847.72918701171875 915.60491943359375 927.22308349609375 1084.1400146484375 1130.7080078125 1034.2650146484375 1123.7239990234375 1099.875 1286.89404296875 1400.760986328125 1450.3990478515625 1525.9449462890625 1583.0340576171875 1590.281005859375 1669.6510009765625 1279.3900146484375 1040.449951171875 814.8699951171875 757.44000244140625 559.78997802734375 502.410003662109375 428.55999755859375 423.600006103515625 453.019989013671875 477.25 513.52001953125 495.55999755859375 570.40997314453125 526.8800048828125 234.5099945068359375 232.42999267578125 231.5099945068359375 231.649993896484375 231.6199951171875 247.2899932861328125 322.32000732421875 531.719970703125 824.28997802734375
