data/DataRaster/DEM.asc
NCOLS 187
NROWS 176
XLLCORNER 659300.0
YLLCORNER 5127800.0
CELLSIZE 500.0
NODATA_VALUE -9999
[rows 120 to 139 of 176, columns 45 to 89 of 187]
788.52001953125 959.9000244140625 1006.44000244140625 1086.8499755859375 1211.8199462890625 1224.06005859375 1189.5799560546875 1206.8399658203125 1248.0699462890625 1239.3199462890625 1262.0899658203125 1157.5799560546875 1131.81005859375 1026.2900390625 947.46002197265625 862.280029296875 747.010009765625 498.730010986328125 457.07000732421875 676.45001220703125 795.0999755859375 900.3499755859375 992.53997802734375 1040.469970703125 1040.5400390625 1097.800048828125 1222.030029296875 1421.4599609375 1615.510009765625 1658.4599609375 2125.449951171875 1882.300048828125 1642.0899658203125 1408.3299560546875 1477.43994140625 1873.1800537109375 1885.199951171875 1961.010009765625 1990.1800537109375 2012.56005859375 2036.6300048828125 2032.02001953125 1989.1800537109375 1873.5999755859375 1809.6600341796875
739.4000244140625 875.030029296875 1156.3299560546875 1177.0799560546875 1038.81005859375 1101.6800537109375 1019.6300048828125 1158.6700439453125 1190.27001953125 1245.5400390625 1255.3199462890625 1090.1600341796875 1023.02001953125 1060.5699462890625 854.21002197265625 672.90997314453125 525.0999755859375 350.420013427734375 547.15997314453125 719.15997314453125 771.07000732421875 939.4000244140625 1047.6800537109375 1058.31005859375 1095.030029296875 1246.719970703125 1334.02001953125 1527.2099609375 2149.8798828125 2033.530029296875 2142.2900390625 2388.6201171875 1809.2900390625 1693.9000244140625 1526.3199462890625 1770.0899658203125 1832.43994140625 1882.31005859375 1958.6800537109375 2008.0999755859375 2141.2099609375 2111.10009765625 1977.8199462890625 1989.0400390625 1926.8199462890625
626.34002685546875 858.6500244140625 1138.219970703125 1023.5 951.96002197265625 919.030029296875 1139.719970703125 1209.2900390625 1200.4200439453125 1113.9000244140625 1099.75 1024.3900146484375 925.15997314453125 940.469970703125 801.19000244140625 582.21002197265625 441.8900146484375 522.9000244140625 757.84002685546875 902.5 867.6500244140625 912.02001953125 984.65997314453125 1049.280029296875 1110.6500244140625 1234.8399658203125 1406.31005859375 1778.4300537109375 2246.969970703125 2299.639892578125 2229.909912109375 2488.139892578125 2225.7900390625 1988.81005859375 1851.1400146484375 1746.6700439453125 1836.3299560546875 1892.1400146484375 2004.469970703125 2026.93994140625 2145.6298828125 2117.60009765625 2070.429931640625 2063.31005859375 1899.5400390625
863.59002685546875 1067.56005859375 1004.030029296875 875.280029296875 781.219970703125 971.52001953125 1098.530029296875 1253.5899658203125 1208.1600341796875 1016.34002685546875 969.95001220703125 928.08001708984375 810.59002685546875 766.010009765625 510.790008544921875 397.920013427734375 345.94000244140625 484.70001220703125 663.46002197265625 835.57000732421875 797.4000244140625 857.58001708984375 937.34002685546875 961.96002197265625 1077.5400390625 1236.6300048828125 1424.6600341796875 1714.260009765625 2322.3798828125 2432.3701171875 2477.8701171875 2533.6201171875 2384.010009765625 2281.139892578125 2096.179931640625 1966.2099609375 1853.43994140625 1940.31005859375 2048.300048828125 2059.949951171875 2164.35009765625 2209.35009765625 2232.159912109375 2054.320068359375 1888.8399658203125
986.489990234375 987.5999755859375 841.21002197265625 685.21002197265625 870.6500244140625 1038.31005859375 1224.030029296875 1196.199951171875 1061.6800537109375 920.9000244140625 845.3900146484375 844.34002685546875 816.27001953125 682.21002197265625 449.040008544921875 431.170013427734375 554.530029296875 616.09002685546875 663.20001220703125 603.9000244140625 758.59002685546875 732.780029296875 907.59002685546875 975.84002685546875 1089.6800537109375 1279.4300537109375 1527.8800048828125 1906.9200439453125 2248.6201171875 2390.02001953125 2418.56005859375 2431.409912109375 2362.050048828125 2363.81005859375 2340.81005859375 2227.760009765625 2080.93994140625 2030.8199462890625 2050.02001953125 2171.159912109375 2236.43994140625 2451.919921875 2188.760009765625 2030.780029296875 2039.9300537109375
649.08001708984375 670.3800048828125 675.40997314453125 704.969970703125 840.1500244140625 941.8499755859375 972.5 837.4000244140625 826.1500244140625 883.5 788.6300048828125 741.1500244140625 565.33001708984375 422.94000244140625 460.170013427734375 667.219970703125 754.71002197265625 825.02001953125 859.280029296875 847.90997314453125 864.96002197265625 876.44000244140625 882.34002685546875 1000.6300048828125 1135.4300537109375 1233.6500244140625 1368.280029296875 1628.6400146484375 2109.0400390625 2254.949951171875 2203.64990234375 2285.719970703125 2238.3701171875 2322.6201171875 2463.10009765625 2425.3701171875 2468.929931640625 2459.969970703125 2384.35009765625 2429.43994140625 2497.6201171875 2379.360107421875 2265.1201171875 2129.510009765625 2149.3701171875
360.730010986328125 394.20001220703125 455.670013427734375 651.69000244140625 664.70001220703125 690.02001953125 642.40997314453125 723.82000732421875 579.010009765625 677.6500244140625 649.5999755859375 514.3499755859375 365.670013427734375 406.3800048828125 640.219970703125 771.82000732421875 927.15997314453125 920.780029296875 999.77001953125 986.59002685546875 964.46002197265625 960.34002685546875 946.75 967.0999755859375 1040.06005859375 1234.530029296875 1438.5699462890625 1825.56005859375 1777.219970703125 1895.1800537109375 2008.969970703125 2090.340087890625 2223.800048828125 2299.02001953125 2175.840087890625 2094.070068359375 2388.7900390625 2521.429931640625 2366.3798828125 2396.89990234375 2430.1708984375 2416.593994140625 2229.634033203125 2220.18603515625 2126.908935546875
271.959991455078125 303.6400146484375 357.670013427734375 385.170013427734375 440.350006103515625 395.350006103515625 352.45001220703125 559.4000244140625 629.08001708984375 343.670013427734375 531.6400146484375 315.260009765625 395.410003662109375 566.95001220703125 604.260009765625 751.280029296875 795.780029296875 918.19000244140625 976.760009765625 998.40997314453125 1080.510009765625 1027.8199462890625 1066.56005859375 1144.050048828125 1179.780029296875 1313.75 1773.81005859375 1858.1700439453125 2082.3701171875 2107.3701171875 1907.760009765625 2191.5 1789.6800537109375 1981.6300048828125 2124.1201171875 1869.1300048828125 2022.5699462890625 2286.14990234375 1969.0999755859375 2274.35009765625 2516.260009765625 2598.3701171875 2509.7900390625 2126.657958984375 2037.0780029296875
269.30999755859375 333.07000732421875 293.95001220703125 287.160003662109375 291.600006103515625 379.95001220703125 340.040008544921875 317.32000732421875 420.760009765625 305.75 321.850006103515625 406.260009765625 683.8800048828125 491.290008544921875 456.1400146484375 465.100006103515625 578.8900146484375 767.8900146484375 869.59002685546875 1041.56005859375 1158.780029296875 1153.0699462890625 1194.280029296875 1406.9300537109375 1419.06005859375 1381.800048828125 1750.3199462890625 2134.7099609375 1866.43994140625 2017.280029296875 1676.77001953125 1871.7099609375 1690.719970703125 1540.1400146484375 1586.300048828125 1601.5400390625 1659.510009765625 1735.06005859375 1888.9599609375 2453.6201171875 2504.330078125 2536.9599609375 2736.56201171875 2232.1298828125 2129.39208984375
449.790008544921875 543.03997802734375 581.92999267578125 495.6199951171875 362.17999267578125 613.84002685546875 611.65997314453125 497.29998779296875 404.989990234375 486.6400146484375 557.57000732421875 664.3699951171875 663.28997802734375 758.760009765625 657.05999755859375 769.05999755859375 663.47998046875 596.3900146484375 825.78997802734375 957.489990234375 1041.6700439453125 1134.9599609375 1373.97998046875 1659.5400390625 1627.31005859375 1550.8699951171875 1689.510009765625 1849.6099853515625 1691.5899658203125 1673.3599853515625 1464.280029296875 1390.4300537109375 1490.969970703125 1632.1199951171875 1853.5400390625 1836.0799560546875 1904.010009765625 1898.530029296875 2067.469970703125 2315.260009765625 2329.75 2281.530029296875 2829.820068359375 2825.764892578125 2563.31005859375
892.47998046875 768.6099853515625 816.52001953125 693.5 421.8900146484375 603.42999267578125 749.239990234375 798.8599853515625 795.16998291015625 822.17999267578125 919.780029296875 824.469970703125 775.5999755859375 787.08001708984375 839.260009765625 895.94000244140625 872.77001953125 762.69000244140625 702.780029296875 910.9000244140625 960.22998046875 959.90997314453125 1149.97998046875 1472.8800048828125 1737.4200439453125 1703.5400390625 1725.9300537109375 1527.8599853515625 1372.5999755859375 1210.4000244140625 1260.4000244140625 1609.47998046875 1718.7900390625 1762.3800048828125 1971.9100341796875 2053.340087890625 2058.93994140625 2089.72998046875 2191.2900390625 2563.85009765625 2571.5400390625 2438.169921875 2655.197021484375 2525.325927734375 2504.236083984375
1114.239990234375 983.25 1041.97998046875 845.90997314453125 784.34002685546875 579.47998046875 765.95001220703125 973.94000244140625 1159.3900146484375 1183.0699462890625 1169.7099609375 1120.5799560546875 1066.8599853515625 931.59002685546875 943.969970703125 992.94000244140625 1068.8499755859375 954.33001708984375 713.09002685546875 725.41998291015625 817.65997314453125 1083.9100341796875 1183.22998046875 1211.6099853515625 1338.949951171875 1372.9300537109375 1434.25 1325.699951171875 1226.9599609375 1195.8800048828125 1338.6199951171875 1329.719970703125 1435.81005859375 1555.3599853515625 1721.010009765625 1831.43994140625 2015.1800537109375 2321.570068359375 2660.570068359375 2400.2900390625 2572.118896484375 2572.85009765625 2924.56689453125 2646.406982421875 2617.824951171875
1131.1300048828125 1153.5799560546875 1246.010009765625 1089.1099853515625 829.07000732421875 594.530029296875 758.1300048828125 1018.510009765625 1223.5400390625 1308.6700439453125 1305.8199462890625 1295.239990234375 1248.9100341796875 1162.449951171875 1058.56005859375 1078.3199462890625 1113.4200439453125 824.32000732421875 832.82000732421875 754.57000732421875 754.67999267578125 908.9000244140625 963.22998046875 1066.969970703125 1135.5 1302.8499755859375 1265.3499755859375 1174.9300537109375 1056.6199951171875 1126.4300537109375 1174.4200439453125 1292.9300537109375 1462.6400146484375 1402.010009765625 1498.25 1613.25 1817.010009765625 2026.9300537109375 2254.030029296875 2561.68505859375 2458.77587890625 2498.693115234375 2736.6689453125 2713.777099609375 2618.27099609375
1220.300048828125 1356.1199951171875 1367.7099609375 1065.6400146484375 839.21002197265625 649.8699951171875 698.739990234375 924.33001708984375 1154.4000244140625 1314.25 1337.6800537109375 1311.9000244140625 1289.6500244140625 1201.81005859375 1201.5799560546875 1161.530029296875 1153.280029296875 1057.81005859375 968.0999755859375 904.66998291015625 913.9000244140625 816.92999267578125 833.03997802734375 918.94000244140625 1018.6300048828125 1100.1600341796875 1080.6400146484375 1015.96002197265625 1144.760009765625 1273.3900146484375 1264.8199462890625 1268.72998046875 1290.25 1428.1600341796875 1552.550048828125 1765.8499755859375 1903.719970703125 1937.1600341796875 2110.239990234375 2360.659912109375 2390.56298828125 2518.75390625 2851.758056640625 2747.547119140625 2443.81005859375
1391.469970703125 1555.6700439453125 1386.699951171875 1049.2099609375 972.20001220703125 803.8499755859375 546.54998779296875 726.1500244140625 943.8900146484375 1112.8499755859375 1174.0699462890625 1213.5699462890625 1279.5 1234.1099853515625 1276.969970703125 1224.9300537109375 1230.06005859375 1213.1400146484375 1055.06005859375 1077.81005859375 1167.280029296875 997.52001953125 936.05999755859375 947.72998046875 946.07000732421875 916.94000244140625 988.02001953125 1157.25 1394.52001953125 1574.1400146484375 1633.0799560546875 1577.949951171875 1457.18994140625 1528.280029296875 1507.75 1715.7099609375 1896.4200439453125 2129.929931640625 2369.719970703125 2625.777099609375 2298.510986328125 2574.56201171875 2623.611083984375 2464.7451171875 2458.739990234375
1488.010009765625 1595.3699951171875 1390.4100341796875 1186.989990234375 1308.0899658203125 1047.449951171875 722.30999755859375 564.72998046875 692.94000244140625 854.41998291015625 899.92999267578125 1133.989990234375 1240.8499755859375 1324.030029296875 1328.449951171875 1259.3800048828125 1297.06005859375 1313.030029296875 1335.22998046875 1318.0699462890625 1423.780029296875 1219.9200439453125 1039.699951171875 1110.050048828125 1026.7900390625 1145.75 1192.06005859375 1355.27001953125 1585.0699462890625 1577.1199951171875 1705.3800048828125 1659.6300048828125 1695.989990234375 1688.8699951171875 1635.72998046875 1688.5 1862.2900390625 2126.72998046875 2700.889892578125 2687.534912109375 2162.77392578125 2248.43994140625 2496.553955078125 2587.8359375 2459.280029296875
1378.449951171875 1530.5799560546875 1389.0999755859375 1498.8199462890625 1467.02001953125 1153.02001953125 976.54998779296875 863.219970703125 646.28997802734375 643.90997314453125 747.95001220703125 827.16998291015625 1027.75 1201.1600341796875 1322.3399658203125 1341.4599609375 1364.9300537109375 1316.93994140625 1364.8299560546875 1496.27001953125 1540.75 1474.25 1283.75 1379.7099609375 1152.4200439453125 1279.93994140625 1534.6600341796875 1567.0999755859375 1588.4000244140625 1533.22998046875 1594.1600341796875 1672.1600341796875 1657.22998046875 1690.199951171875 1758.68994140625 1797.9000244140625 1926.5699462890625 2079.780029296875 2395.0400390625 2397.10302734375 2182.25390625 2022.781005859375 2266.842041015625 2407.847900390625 2164.824951171875
1140.699951171875 1506.780029296875 1420.3399658203125 1572.4100341796875 1516.0400390625 1373.449951171875 1224.3699951171875 974.83001708984375 840.5999755859375 880.6400146484375 851.52001953125 715.22998046875 768.30999755859375 999.1099853515625 1179.1300048828125 1265.0999755859375 1359.68994140625 1318.280029296875 1329.4100341796875 1417.9000244140625 1514.1600341796875 1628.6500244140625 1627.8199462890625 1592.9100341796875 1341.4300537109375 1351.7900390625 1584.1500244140625 1569.8900146484375 1511.3900146484375 1550.4100341796875 1638.93994140625 1637.5400390625 1624.6199951171875 1700.1600341796875 1797.6300048828125 1909.72998046875 1946.93994140625 2116.3798828125 2427.340087890625 2348.610107421875 2147.64404296875 2001.259033203125 1922.52294921875 1922.3699951171875 1977.8270263671875
1157.6700439453125 1495.3599853515625 1471.8699951171875 1526.550048828125 1483.760009765625 1309.8900146484375 1111.4200439453125 1149.3399658203125 1066.4200439453125 1152.8800048828125 1092.9200439453125 902.80999755859375 843.510009765625 738.0999755859375 892.010009765625 1062.31005859375 1150.760009765625 1252.530029296875 1282.050048828125 1361.2099609375 1482.3900146484375 1563.530029296875 1604.199951171875 1692.3800048828125 1640.8800048828125 1488.6199951171875 1549.9300537109375 1450.3299560546875 1469.6800537109375 1586.8900146484375 1541.050048828125 1515.5699462890625 1629.030029296875 1687.7099609375 1790.0799560546875 1908.260009765625 2073.9599609375 2294.85009765625 2670.221923828125 2374.05908203125 2168.406005859375 2083.43603515625 1975.259033203125 1852.18701171875 1735.7569580078125
1067.43994140625 1339 1460.780029296875 1415.030029296875 1349.3299560546875 1238.760009765625 1240.5999755859375 1133.800048828125 1117.5699462890625 1332.18994140625 1231.1099853515625 1242.6800537109375 1079.1500244140625 913.54998779296875 778.80999755859375 875.5 943.57000732421875 1217.25 1375.4599609375 1391.280029296875 1410.800048828125 1552.699951171875 1586.6500244140625 1613.739990234375 1745.760009765625 1608.97998046875 1480.9599609375 1397.1099853515625 1461.75 1421.3599853515625 1396.989990234375 1508.0699462890625 1655.260009765625 1662.8599853515625 1832.8299560546875 1935.3399658203125 1969.77001953125 2167.43994140625 2673.748046875 2625.262939453125 2344.89892578125 2170.60888671875 2075.826904296875 1976.9539794921875 1903.261962890625
