data/DataRaster/DEM.asc
NCOLS 187
NROWS 176
XLLCORNER 659300.0
YLLCORNER 5127800.0
CELLSIZE 500.0
NODATA_VALUE -9999
[rows 60 to 79 of 176, columns 135 to 179 of 187]
1009.84002685546875 1139.4300537109375 1177.719970703125 1033.52001953125 962.469970703125 983.780029296875 1076.1300048828125 1301.77001953125 1412.7099609375 1346.1700439453125 1080.0999755859375 1029.219970703125 1076.77001953125 1139.0400390625 1244.3599853515625 1331.1800537109375 1492.56005859375 1524.0699462890625 1548.949951171875 1510.0899658203125 1481.800048828125 1487.5799560546875 1477.06005859375 1424.6800537109375 1434.6400146484375 1467.1099853515625 1488.02001953125 1513.7900390625 1505.31005859375 1489.5799560546875 1455.1500244140625 1354.06005859375 1280.5999755859375 1212.6800537109375 1215.0699462890625 1294.0400390625 1545.6600341796875 1837.010009765625 1870.8499755859375 1945.18994140625 2067.820068359375 2075.9599609375 2048.3701171875 2126.530029296875 1926.3199462890625
1042.449951171875 1153.1500244140625 1357.1800537109375 1162.9599609375 1084.699951171875 1024.4300537109375 970 1116.97998046875 1261.31005859375 1106.510009765625 1007.1400146484375 1018.030029296875 1096.1600341796875 1328.5699462890625 1434.5899658203125 1493.0799560546875 1474.3599853515625 1457.02001953125 1471.699951171875 1425.1800537109375 1388.1800537109375 1371.81005859375 1321.7900390625 1297.9599609375 1321.6800537109375 1367.6500244140625 1409.969970703125 1427.3900146484375 1425.3499755859375 1368.0799560546875 1292.25 1229.2099609375 1207.25 1215.31005859375 1235.02001953125 1423.25 1623.93994140625 1639.0699462890625 1777.2099609375 1938.3900146484375 1852.7099609375 1992.93994140625 1847.050048828125 1965.6700439453125 1822.800048828125
1104.050048828125 1190.4599609375 1427.449951171875 1263.56005859375 1202.1600341796875 1095.1300048828125 972.530029296875 994.52001953125 986.72998046875 1022.1500244140625 1015.40997314453125 1012.21002197265625 1232.469970703125 1447.260009765625 1440.2099609375 1392.6300048828125 1392.3499755859375 1369.93994140625 1411.56005859375 1419.5400390625 1340.9300537109375 1247.6800537109375 1218.72998046875 1217.1800537109375 1234.4200439453125 1255.0699462890625 1278.4200439453125 1304.8599853515625 1302.3800048828125 1257.280029296875 1212.260009765625 1202.68994140625 1209.5400390625 1240.4200439453125 1323.1099853515625 1427.3299560546875 1503.25 1612.52001953125 1775.800048828125 1856.1800537109375 1717.3499755859375 1817.5899658203125 1681.9300537109375 1799.8599853515625 1733.949951171875
1235.5999755859375 1382.1700439453125 1424.1800537109375 1382.949951171875 1234.9200439453125 1148.760009765625 1001.52001953125 1018.530029296875 1038.8900146484375 1008.969970703125 995.1099853515625 1041.199951171875 1249.43994140625 1374.3900146484375 1300.469970703125 1218.8499755859375 1245.4000244140625 1234.4000244140625 1307.81005859375 1323.8499755859375 1264.6099853515625 1222.8599853515625 1163.300048828125 1177.0999755859375 1184.0899658203125 1186.8599853515625 1191.0400390625 1189.8499755859375 1192.800048828125 1195.68994140625 1203.02001953125 1252.0400390625 1324.010009765625 1376.010009765625 1502.6800537109375 1575.8900146484375 1617.1600341796875 1634.949951171875 1618.1700439453125 1630.68994140625 1596.3299560546875 1572.780029296875 1573.81005859375 1599.75 1683.4000244140625
1331.719970703125 1588.81005859375 1614.3199462890625 1508.5899658203125 1379.0400390625 1184.1099853515625 1040.1800537109375 1042.9300537109375 1038.2099609375 1032.030029296875 1056.81005859375 1051.1500244140625 1175.3399658203125 1209.3800048828125 1122.7900390625 1069.050048828125 1088.1500244140625 1134.81005859375 1134.260009765625 1163.0899658203125 1187.6800537109375 1164.7900390625 1220.0799560546875 1356.25 1387.2099609375 1372.280029296875 1322.469970703125 1327.6099853515625 1335.56005859375 1373.3299560546875 1417.06005859375 1463.219970703125 1521.3599853515625 1636.06005859375 1767.6400146484375 1809.9200439453125 1836.4200439453125 1839.06005859375 1805.5699462890625 1747.9200439453125 1605.93994140625 1506.6700439453125 1450.260009765625 1489.3299560546875 1559.9300537109375
1569.5699462890625 1771.530029296875 1769.530029296875 1585.6300048828125 1447.5400390625 1212.1400146484375 1096.25 1046.449951171875 1055.18994140625 1054.77001953125 1085.050048828125 1075.2900390625 1070.1800537109375 1051.719970703125 1077.699951171875 1136.9000244140625 1162.6400146484375 1090.0899658203125 1071.75 1080.6700439453125 1090.3199462890625 1145.31005859375 1307.0899658203125 1529.260009765625 1572.0400390625 1582.3399658203125 1565.949951171875 1544.68994140625 1592.050048828125 1615.81005859375 1655.0899658203125 1698.8199462890625 1706.6500244140625 1740.5400390625 1780.030029296875 1787.4000244140625 1803.1800537109375 1833.7900390625 1756.8299560546875 1639.1500244140625 1501.3800048828125 1411 1696.8599853515625 1724.199951171875 1771.1500244140625
1713.47998046875 1845.6300048828125 1820.260009765625 1646.9300537109375 1450.3599853515625 1319.300048828125 1172.6600341796875 1079.72998046875 1076.5899658203125 1076.8800048828125 1094.3199462890625 1106.0400390625 1107.6500244140625 1133.4300537109375 1175.0799560546875 1250.06005859375 1346.219970703125 1265.72998046875 1198.1600341796875 1138.9300537109375 1089.8299560546875 1089.02001953125 1176.9599609375 1382.030029296875 1522.3499755859375 1528.3299560546875 1549.0999755859375 1562.68994140625 1642.22998046875 1627.1500244140625 1549.4300537109375 1650.4300537109375 1642.699951171875 1543.0400390625 1613.31005859375 1646.800048828125 1691.2900390625 1697.280029296875 1649.02001953125 1421.1500244140625 1375.18994140625 1438.199951171875 1718.8499755859375 1937.56005859375 1916.2099609375
1881.0400390625 1848.0799560546875 1716.4200439453125 1594.5 1433.6700439453125 1305.6300048828125 1177.1800537109375 1148.3800048828125 1131.6800537109375 1130.510009765625 1149.6500244140625 1153.469970703125 1219.3599853515625 1283.449951171875 1276.6800537109375 1457.8900146484375 1478.0899658203125 1403.780029296875 1296.9300537109375 1221.43994140625 1204.800048828125 1102.75 1101.510009765625 1154.25 1296.8199462890625 1338.6800537109375 1337.47998046875 1331.06005859375 1432.5 1432.010009765625 1314.530029296875 1389.050048828125 1439.06005859375 1361.6800537109375 1372.72998046875 1377.97998046875 1432.93994140625 1533.9300537109375 1514.6400146484375 1354.6099853515625 1301.31005859375 1410.4000244140625 1639.56005859375 1736.8199462890625 1685.510009765625
2000.27001953125 1866.0999755859375 1712.199951171875 1539.3399658203125 1414.06005859375 1274.6400146484375 1185.52001953125 1289.6600341796875 1234.22998046875 1249.4200439453125 1250.27001953125 1187.6400146484375 1372.010009765625 1501.8299560546875 1463.31005859375 1630.550048828125 1607.199951171875 1477.530029296875 1312.949951171875 1361.93994140625 1336.6700439453125 1211.7099609375 1142.06005859375 1134.3199462890625 1115.8199462890625 1137.5699462890625 1138.4000244140625 1168.18994140625 1156.18994140625 1175.030029296875 1199.6700439453125 1226.8599853515625 1246.72998046875 1245.0799560546875 1245.9000244140625 1265.199951171875 1277.81005859375 1298.050048828125 1321.0400390625 1274.8499755859375 1326.2900390625 1504.510009765625 1668.77001953125 1638.27001953125 1413.3599853515625
2054.39990234375 1919.7900390625 1752.5999755859375 1584.4000244140625 1387.77001953125 1246.56005859375 1362.43994140625 1502.9200439453125 1427.77001953125 1508.280029296875 1431.6800537109375 1285.5699462890625 1387.06005859375 1568.300048828125 1714.8900146484375 1789.4100341796875 1658.81005859375 1532.22998046875 1511.8800048828125 1548.25 1474.6600341796875 1328.25 1268.1400146484375 1174.5699462890625 1138.9300537109375 1153.77001953125 1142.77001953125 1140.9200439453125 1136.1300048828125 1142.719970703125 1147.4200439453125 1154.02001953125 1166.780029296875 1188.4000244140625 1203.3800048828125 1215.47998046875 1216.6800537109375 1231.0699462890625 1247.5999755859375 1300.780029296875 1453.22998046875 1528.030029296875 1514.550048828125 1410.199951171875 1363.8800048828125
2027.68994140625 1861.969970703125 1716.9200439453125 1613.0799560546875 1455.97998046875 1257.5799560546875 1464.510009765625 1648.47998046875 1658.31005859375 1646.81005859375 1549.030029296875 1390.02001953125 1473.31005859375 1600.4300537109375 1831.219970703125 1928.4599609375 1785.300048828125 1682.0699462890625 1764.280029296875 1738.2099609375 1600.0999755859375 1599.760009765625 1434.52001953125 1315.050048828125 1268.3199462890625 1143.949951171875 1214.5400390625 1226.5899658203125 1252.6500244140625 1206.27001953125 1195.0699462890625 1187.3800048828125 1183.6400146484375 1183.81005859375 1182.199951171875 1201.199951171875 1205.1600341796875 1217.8299560546875 1227.010009765625 1231.510009765625 1301.050048828125 1374.31005859375 1330.3599853515625 1293.969970703125 1211.31005859375
1932.0400390625 1849.1300048828125 1749.9300537109375 1593.8499755859375 1453.800048828125 1304.81005859375 1548.77001953125 1800.469970703125 1843.1500244140625 1726.510009765625 1589.22998046875 1432.27001953125 1430.06005859375 1658.5699462890625 1816.56005859375 1963.6500244140625 1972.699951171875 1903.25 1859.8900146484375 1868.56005859375 1752.77001953125 1677.5400390625 1533.469970703125 1511.25 1441.5899658203125 1223.8800048828125 1214.5400390625 1316.56005859375 1467.719970703125 1391.8599853515625 1375.010009765625 1288.4599609375 1240.5699462890625 1210.93994140625 1214.6700439453125 1221.3399658203125 1214.8599853515625 1196.800048828125 1213.0699462890625 1206.8299560546875 1199.550048828125 1193.81005859375 1188.3199462890625 1184.1600341796875 1181.6300048828125
1883.4599609375 1738.9599609375 1597.699951171875 1524.27001953125 1421.6600341796875 1428.47998046875 1517.3900146484375 1594.8199462890625 1726.8800048828125 1795.43994140625 1632.31005859375 1582.510009765625 1553.3399658203125 1535.5 1717.6800537109375 1799.3599853515625 1907.3900146484375 1798.449951171875 1720.27001953125 1750.5799560546875 1703.8199462890625 1641.68994140625 1601.31005859375 1501.3299560546875 1371.050048828125 1206.18994140625 1233.8299560546875 1397.5400390625 1621.4000244140625 1525.77001953125 1496.75 1362.3599853515625 1402.6700439453125 1408.9200439453125 1349.2900390625 1313.56005859375 1327.25 1245.4300537109375 1210.9000244140625 1229.699951171875 1207.949951171875 1213.3299560546875 1210.6400146484375 1204.7099609375 1279.3499755859375
1738.0799560546875 1638.2900390625 1594.4200439453125 1578.6600341796875 1466.3800048828125 1514.27001953125 1574.9000244140625 1662.6099853515625 1724.4599609375 1891 1795.969970703125 1709.1500244140625 1655.5699462890625 1706.18994140625 1714.8499755859375 1779.9100341796875 1964.8399658203125 1832.8199462890625 1525.030029296875 1496.31005859375 1509.030029296875 1535.449951171875 1424.0699462890625 1393.6500244140625 1267.8499755859375 1206.9300537109375 1277.050048828125 1436.4200439453125 1529.8800048828125 1600.4300537109375 1451.6300048828125 1403.93994140625 1483.300048828125 1562.199951171875 1484.6700439453125 1591.1600341796875 1371.56005859375 1244.219970703125 1211.7900390625 1295.7099609375 1347.010009765625 1336.2900390625 1354.719970703125 1427.300048828125 1442.719970703125
1801.3499755859375 1867.010009765625 1865.2900390625 1748.3199462890625 1650.1099853515625 1619.52001953125 1886.949951171875 1929.93994140625 1856.06005859375 2011.8299560546875 1976.8599853515625 1847.43994140625 1849.47998046875 1873.6600341796875 1958.780029296875 2002.4200439453125 1801.77001953125 1676.43994140625 1645.81005859375 1531.3900146484375 1346.9000244140625 1303.699951171875 1274.56005859375 1254.3800048828125 1230.699951171875 1271.6600341796875 1251.93994140625 1341.1600341796875 1461.4599609375 1606.969970703125 1598.1400146484375 1581.199951171875 1799.1600341796875 1766.6800537109375 1683.6099853515625 1801.8499755859375 1651.2099609375 1370.1600341796875 1233.31005859375 1360.06005859375 1544.300048828125 1615.1400146484375 1635.9100341796875 1637.43994140625 1557.8399658203125
2005.050048828125 2083.7900390625 1956.1500244140625 1976.3299560546875 1866.47998046875 1745.6300048828125 1992.7900390625 2243.429931640625 2082.27001953125 2315.550048828125 2283.8701171875 2306.469970703125 2157.97998046875 2269.330078125 2133.610107421875 1949.75 1846.530029296875 1627.18994140625 1435.6400146484375 1361.969970703125 1334.760009765625 1356.06005859375 1379 1352.4599609375 1493.1500244140625 1516.0999755859375 1287.5 1296.43994140625 1518.7900390625 1674.969970703125 1844.8800048828125 1770.81005859375 1786.47998046875 2011.5400390625 1895.7900390625 1625.9100341796875 1484.27001953125 1311.6500244140625 1256.8599853515625 1345.6500244140625 1608.4100341796875 1779.449951171875 1724.7099609375 1855.4200439453125 1749.97998046875
2235.610107421875 2462 2291.93994140625 2224.110107421875 2157.110107421875 1939.8199462890625 2140.260009765625 2386.93994140625 2248.10009765625 2451.4599609375 2439.47998046875 2356.699951171875 2330.56005859375 2135.669921875 1889.3599853515625 1884.1700439453125 1688.760009765625 1516.0999755859375 1427.3900146484375 1424.5400390625 1548.22998046875 1551.47998046875 1610.1600341796875 1458.77001953125 1670.0400390625 1721.0999755859375 1554.5699462890625 1331.3399658203125 1376.5799560546875 1559.06005859375 1658.56005859375 1762.2099609375 1802.81005859375 1958.68994140625 1945 1867.1400146484375 1547.4200439453125 1306.6600341796875 1262.9100341796875 1391.9000244140625 1600.550048828125 1961.22998046875 1994.97998046875 2111.75 2042.9300537109375
2023.8900146484375 2165.35009765625 2203.840087890625 2375.090087890625 2331.97998046875 2205.919921875 2211.3701171875 2293.3701171875 2147.85009765625 2317.669921875 2327.330078125 2193.52001953125 2116.659912109375 2159.780029296875 1901.219970703125 1696.75 1597.5400390625 1521.72998046875 1501.3800048828125 1520.9200439453125 1706.9599609375 1833.510009765625 1657.97998046875 1548.219970703125 1709.5899658203125 1687.510009765625 1575.780029296875 1441.06005859375 1379.6800537109375 1444.6500244140625 1525.3800048828125 1706.9599609375 1916.2900390625 2221.3798828125 2270.27001953125 1985.6099853515625 1794.6700439453125 1321.4100341796875 1257.760009765625 1450.4300537109375 1790.75 2122.56005859375 2387.77001953125 2405.780029296875 2471.179931640625
1858.6700439453125 1964.6500244140625 2098.659912109375 2165.6201171875 2269.090087890625 2271.7099609375 2223.179931640625 2134.580078125 2182.159912109375 2050.429931640625 2012.4100341796875 1958.77001953125 1985.9300537109375 1905.8900146484375 2007.2099609375 1848.81005859375 1752.06005859375 1512.81005859375 1522.5 1612.7900390625 1888.5400390625 2208.3798828125 1882.4200439453125 1680.8499755859375 1841.2900390625 1934.6800537109375 1612.81005859375 1433.68994140625 1393.9300537109375 1460.27001953125 1647.469970703125 1815.2900390625 2154.6298828125 2080.4599609375 1961.010009765625 1861.1400146484375 1837.72998046875 1470.4200439453125 1260.9100341796875 1418.6800537109375 1763.5999755859375 2002.300048828125 1995.219970703125 2201.02001953125 2273.43994140625
1979.1800537109375 2286.9599609375 2317.179931640625 2370.2900390625 2418.1298828125 2244.14990234375 2186.3798828125 2077.330078125 1945.2900390625 1773.8900146484375 1741.56005859375 1721.9200439453125 1728.72998046875 1635.699951171875 1795.0400390625 1992.3199462890625 1930.97998046875 1550.8499755859375 1657.6600341796875 1999.6700439453125 2098.419921875 2219.139892578125 2212.550048828125 1883.47998046875 1931.56005859375 2108.080078125 1727.050048828125 1447.0400390625 1443.5 1521.5999755859375 1599.510009765625 1728.280029296875 1928.81005859375 2173.6298828125 1976.0699462890625 1768.5400390625 1638.3199462890625 1622.5 1277.9300537109375 1315.06005859375 1604.780029296875 1601.7099609375 1798.56005859375 2008.68994140625 2055.280029296875
