data/DataRaster/DEM.asc
NCOLS 187
NROWS 176
XLLCORNER 659300.0
YLLCORNER 5127800.0
CELLSIZE 500.0
NODATA_VALUE -9999
[rows 20 to 39 of 176, columns 45 to 89 of 187]
1849.510009765625 1855.550048828125 1998.199951171875 1942.5999755859375 1858.1851806640625 2131.666748046875 2101.39990234375 2134.139892578125 2093.5 1844.3499755859375 1595.56005859375 1566.800048828125 1553.280029296875 1309.8499755859375 1442.010009765625 1623.06005859375 1791.449951171875 2023.1800537109375 2237.550048828125 2411.830078125 2448.010009765625 2327.75 2226.52001953125 2041.7099609375 1957.1600341796875 1904.719970703125 1936.2900390625 1882.4000244140625 1741.6400146484375 1671.6400146484375 1667.3800048828125 1624.199951171875 1566.27001953125 1530.8199462890625 1463.4599609375 1464.8900146484375 1665.6700439453125 1917.2900390625 1983.18994140625 2072.56005859375 2007.0899658203125 1858.9100341796875 2173.169921875 2508.5 2615.89990234375
1904.9300537109375 1970.27001953125 2037.800048828125 2019.969970703125 2018.5799560546875 2137.580078125 2291.669921875 2079.7099609375 1954.97998046875 1904.06005859375 1741.0999755859375 1559.280029296875 1308.1800537109375 1440.3199462890625 1594.8499755859375 1656.22998046875 1898.5 2042.1500244140625 2161.27001953125 2388.360107421875 2383.27001953125 2183.409912109375 1946.25 1860.510009765625 1774.7900390625 1674.6800537109375 1674.4100341796875 1692.3800048828125 1522.9599609375 1497.6800537109375 1486.9200439453125 1471.1800537109375 1445.43994140625 1448 1458.8499755859375 1750.8399658203125 1975.280029296875 1905.8800048828125 2176.449951171875 2524.530029296875 2312.85009765625 2043 1941.5799560546875 2299.7099609375 2660.449951171875
2102.4599609375 2074.280029296875 2219.77001953125 2181.7900390625 2213.25 2174.699951171875 2018.280029296875 2006.1600341796875 1789.260009765625 1738.1700439453125 1649.0999755859375 1326.5999755859375 1431.800048828125 1608.699951171875 1752.43994140625 1779.18994140625 1852.8299560546875 1997.6800537109375 2149.2900390625 2307.050048828125 2181.389892578125 1916.8900146484375 1825.2900390625 1654 1676.9300537109375 1494.719970703125 1491.800048828125 1442.6300048828125 1416.97998046875 1427.1099853515625 1432.8399658203125 1447.3900146484375 1472.2900390625 1543.3299560546875 1836.1400146484375 2175.7900390625 2116.110107421875 2148.68994140625 2151.2099609375 2387.8701171875 2672.080078125 2287.969970703125 2127.25 2154.969970703125 2313.679931640625
1974.3199462890625 2122.3701171875 2280.6201171875 2089.340087890625 2188.659912109375 2013.6700439453125 1773.510009765625 1864.6800537109375 1829.0899658203125 1600.5999755859375 1551.1800537109375 1344.8199462890625 1555.97998046875 1747.699951171875 1852.47998046875 1923.5699462890625 1961.449951171875 2005.68994140625 2148.8701171875 2131.39990234375 2003.1800537109375 1728.4100341796875 1625.06005859375 1479.1800537109375 1446.25 1386.9000244140625 1417.780029296875 1399.5799560546875 1444.1800537109375 1498.260009765625 1559.31005859375 1643.81005859375 1772.81005859375 1732.8599853515625 1894.72998046875 1965.47998046875 2316.169921875 2476.760009765625 2253.68994140625 2471.52001953125 2667.199951171875 2503.219970703125 2498.81005859375 2144.10009765625 2153.7099609375
1619.81005859375 1762.3299560546875 2031.8800048828125 1903.18994140625 1924.030029296875 1999.6099853515625 1737.6500244140625 1513.280029296875 1555.199951171875 1502.3199462890625 1243.9200439453125 1434.9300537109375 1679.550048828125 1933.2900390625 2205.070068359375 2273.070068359375 2193.43994140625 2223.449951171875 2233.35009765625 2143.340087890625 1992.68994140625 1685.800048828125 1444.52001953125 1381.0400390625 1383.5 1387.449951171875 1408.300048828125 1499.9300537109375 1585.3499755859375 1682.6500244140625 1826.199951171875 1948.1099853515625 2008.3399658203125 1948.6600341796875 2020.3599853515625 2195.68994140625 2212.469970703125 2462.169921875 2485.860107421875 2503.719970703125 2638.179931640625 2789.429931640625 2522.18994140625 2505.669921875 2522.43994140625
1263.0699462890625 1403.56005859375 1597.52001953125 1577.3499755859375 1723.719970703125 1728.56005859375 1725.3299560546875 1562.4000244140625 1372.2099609375 1329.7900390625 1252.77001953125 1460.3800048828125 1749.0999755859375 1916.6700439453125 2061.4599609375 2181.659912109375 2427.389892578125 2502.469970703125 2297.6298828125 2069.7900390625 1760.3499755859375 1543.050048828125 1420.280029296875 1380.72998046875 1385.2900390625 1482 1583.0799560546875 1710.72998046875 1909.8399658203125 1971.68994140625 1897.1300048828125 2058.75 2258.4599609375 2106.3701171875 2234.75 2320.7099609375 2524.3701171875 2513.97998046875 2585.2099609375 2687.93994140625 2700.1298828125 2562.35009765625 2616.389892578125 2549.530029296875 2634.929931640625
1128.449951171875 1172.8800048828125 1186.469970703125 1222.81005859375 1328.3299560546875 1401.9200439453125 1441.72998046875 1451.0400390625 1360.2099609375 1194.0999755859375 1425.77001953125 1681.0799560546875 1883.1700439453125 2080.760009765625 2235.330078125 2284.52001953125 2319.18994140625 2538.419921875 2525.1298828125 2224.110107421875 2017.1800537109375 1731.81005859375 1384.469970703125 1419.2099609375 1561.5999755859375 1766.9100341796875 1939.550048828125 2080.7099609375 2277.97998046875 2132.60009765625 2216.320068359375 2162.31005859375 2643.18994140625 2291.760009765625 2346.830078125 2471.89990234375 2791.510009765625 2631.639892578125 2412.110107421875 2462.510009765625 2434.52001953125 2492.8701171875 2391.070068359375 2357.830078125 2525.260009765625
1284.9599609375 1190.6600341796875 1120.8499755859375 1097.2099609375 1088.81005859375 1107.3199462890625 1171.4599609375 1224.81005859375 1234.75 1208.3499755859375 1508.530029296875 1744.7900390625 1931.6600341796875 2169.179931640625 2342.169921875 2528.550048828125 2641.360107421875 2590.169921875 2392.3701171875 2129.81005859375 1860.5400390625 1541.1400146484375 1375.18994140625 1639.9100341796875 1726.81005859375 1698.1600341796875 1898.5699462890625 2137.260009765625 2467.280029296875 2460.2099609375 2648.340087890625 2503.1201171875 2566.35009765625 2718.090087890625 2702.969970703125 2741.6201171875 2420.6201171875 2296.02001953125 2191.840087890625 2284.860107421875 2333.89990234375 2322.610107421875 2132.81005859375 2142.389892578125 2448.340087890625
1592.260009765625 1464.9200439453125 1399.22998046875 1256.56005859375 1239.25 1165.9100341796875 1084.72998046875 1077.3299560546875 1104.510009765625 1266.1500244140625 1529.949951171875 1688.0999755859375 1810.1400146484375 1972.06005859375 2052.889892578125 2249.320068359375 2481.1201171875 2668.6201171875 2174.909912109375 1779.9200439453125 1553.7099609375 1371.010009765625 1383.6800537109375 1768.800048828125 2070.610107421875 1880.260009765625 1827.2099609375 1912.780029296875 2202.219970703125 2379.449951171875 2540.77001953125 2582.199951171875 2687.199951171875 2838.820068359375 2845.909912109375 2470.1201171875 2350.510009765625 2224.409912109375 2042.06005859375 2225.1201171875 2286.760009765625 2139.330078125 1984.8900146484375 2239.860107421875 2397.469970703125
1840.0400390625 1765.52001953125 1525.1600341796875 1485.47998046875 1477.9200439453125 1432.93994140625 1319.27001953125 1146.4200439453125 1077.3299560546875 1138.8900146484375 1503.9100341796875 1694.9300537109375 1893.18994140625 2044.06005859375 2131.860107421875 2259.419921875 2373.719970703125 2468.85009765625 2128.570068359375 1836.8199462890625 1426.9100341796875 1370.800048828125 1528.510009765625 1572.3399658203125 1972.4200439453125 2232.469970703125 2106.3701171875 2022.449951171875 2012.5799560546875 2116.89990234375 2245.840087890625 2360.9599609375 2379.830078125 2632.43994140625 2699.949951171875 2379.8701171875 2381.469970703125 2127.81005859375 2047.77001953125 2007.5799560546875 2097.52001953125 1913.31005859375 2118.77001953125 2384.97998046875 2287.85009765625
2112.360107421875 1782.3399658203125 1485.3599853515625 1716.75 1676.3399658203125 1580.4599609375 1427.22998046875 1309.8299560546875 1149.3299560546875 1072.8299560546875 1354.1400146484375 1621.9000244140625 1796.969970703125 1813.6800537109375 2017.6700439453125 2221.010009765625 2413.800048828125 2362.830078125 2075.320068359375 1644.530029296875 1381.43994140625 1419.6800537109375 1764.8399658203125 1756.9300537109375 1735.31005859375 2164.27001953125 2539.050048828125 2345.469970703125 2251.840087890625 2340.659912109375 2301.510009765625 2210.1298828125 2323.110107421875 2412.110107421875 2643.7900390625 2529.679931640625 2354.7900390625 2204.969970703125 2120.030029296875 1966.550048828125 1909.22998046875 1884.25 2328.27001953125 2316.77001953125 2162.419921875
1920.3199462890625 1693.8399658203125 1683.1800537109375 1920.9599609375 1850.4000244140625 1706.68994140625 1550.9200439453125 1340.97998046875 1148.3499755859375 1065.1600341796875 1356.75 1443.260009765625 1477.8499755859375 1692.97998046875 1854.06005859375 2129.22998046875 2219.030029296875 2003.22998046875 1755.8499755859375 1568.030029296875 1404.0799560546875 1494.6700439453125 1941.8800048828125 2195.56005859375 1842.6099853515625 1974.56005859375 2412.909912109375 2571.10009765625 2488.7900390625 2693.7099609375 2504.3701171875 2444.02001953125 2598.050048828125 2606.419921875 2453.530029296875 2531.1201171875 2650.699951171875 2559.6298828125 2296.949951171875 2079.77001953125 2019.3499755859375 1763.5400390625 2021.800048828125 1999.4000244140625 2016.72998046875
1756.449951171875 1711.8299560546875 1900.6800537109375 1824.1300048828125 1657.1099853515625 1505.4100341796875 1438.9000244140625 1338.18994140625 1090.010009765625 1063.780029296875 1254.9100341796875 1453.0400390625 1633.31005859375 1822.75 1998.81005859375 2183.330078125 2048.68994140625 1708.72998046875 1528.0999755859375 1440.1600341796875 1345.72998046875 1499.68994140625 1791.6500244140625 2207.25 2097.090087890625 2009.6099853515625 2099.070068359375 2231.56005859375 2392.949951171875 2535.860107421875 2543.1201171875 2624.02001953125 2650.169921875 2435.7099609375 2400.8701171875 2426.300048828125 2515.7099609375 2736.580078125 2561.929931640625 2219.330078125 2331.639892578125 2009.800048828125 1686.68994140625 1809.5699462890625 1732.6600341796875
1873.06005859375 1946.8299560546875 1813.4300537109375 1670.3599853515625 1513.719970703125 1431.449951171875 1252.5400390625 1164.949951171875 1039.8599853515625 1087.18994140625 1255.469970703125 1440.6800537109375 1661.6500244140625 1893.31005859375 2114.110107421875 2063.280029296875 1744.780029296875 1562.8499755859375 1267.219970703125 1208.280029296875 1397.72998046875 1607.9000244140625 1835.9300537109375 2252.6201171875 2421.780029296875 2232.550048828125 2183.969970703125 2284.31005859375 2427.929931640625 2574.6201171875 2778.8701171875 2994.389892578125 2707.800048828125 2554.93994140625 2402.139892578125 2289.949951171875 2540.300048828125 2764.5400390625 2774.340087890625 2475.9599609375 2506.1201171875 2168.14990234375 1808.9100341796875 1832.8900146484375 1654.25
2013.6600341796875 1849.72998046875 1738.27001953125 1595.8599853515625 1458.4599609375 1229.5 1134.199951171875 1025.300048828125 981.8599853515625 1099.550048828125 1320.4100341796875 1465.0699462890625 1672.510009765625 1888.5799560546875 2024.81005859375 1775.5999755859375 1549 1389.75 1162.5899658203125 1308.530029296875 1537.31005859375 1752.4300537109375 2055.860107421875 2195.3701171875 2359.010009765625 2495.31005859375 2500.60009765625 2629.010009765625 2691.25 2759.389892578125 2913.669921875 2962.580078125 2751.280029296875 2686.070068359375 2405.72998046875 2171.43994140625 2434.969970703125 2688.56005859375 2734.669921875 2542.760009765625 2228.610107421875 1935.3599853515625 1990.31005859375 2049.93994140625 1920.0899658203125
1965.1800537109375 1829.5699462890625 1655.7900390625 1508.010009765625 1344.8800048828125 1194.6800537109375 1016.71002197265625 978.91998291015625 1184.5799560546875 1279.719970703125 1342.5799560546875 1307.6600341796875 1477.9200439453125 1562.2900390625 1575.5799560546875 1526.1400146484375 1111.3800048828125 1161.0400390625 1244.1099853515625 1383.5699462890625 1606.8800048828125 1814.510009765625 2002.81005859375 2346.179931640625 2515.080078125 2465.590087890625 2536.300048828125 2688.219970703125 2767.5 2835.340087890625 2763.5 2669.31005859375 2755.81005859375 2726.199951171875 2397.60009765625 2102.22998046875 2375.070068359375 2538.9599609375 2729.070068359375 2662.47998046875 2260.679931640625 2012.8299560546875 2182.780029296875 2206.1201171875 2011.77001953125
1835.8299560546875 1765.3900146484375 1586.8499755859375 1384.4200439453125 1279.5799560546875 1133.1300048828125 957.84002685546875 1101.030029296875 1257.3800048828125 1144.52001953125 987.46002197265625 958 990.33001708984375 1100.5699462890625 1197.6300048828125 1103.9300537109375 1086.4000244140625 1155 1293.1099853515625 1459.72998046875 1622.699951171875 1779.0999755859375 2015.8399658203125 2337.56005859375 2233.169921875 2188.02001953125 2232.93994140625 2553.929931640625 2425.820068359375 2639.550048828125 2644.4599609375 2568.75 2584.760009765625 2391.9599609375 2247.10009765625 2038.0699462890625 2373 2484.389892578125 2755.949951171875 2501.72998046875 2169.2099609375 2163.320068359375 2297.530029296875 2382.1298828125 2126.9599609375
1597.97998046875 1675.510009765625 1565.5 1447.43994140625 1270.2900390625 1037.6099853515625 954.71002197265625 1008.29998779296875 1043.68994140625 951.19000244140625 946.04998779296875 953.45001220703125 970.1500244140625 981.1300048828125 1004.4000244140625 1031.8900146484375 1126.5799560546875 1231.8199462890625 1456.1099853515625 1629.7900390625 1743.8399658203125 1883.8900146484375 2134.8798828125 2255.35009765625 1950.06005859375 1983.9100341796875 2135.169921875 2376.5 2321.81005859375 2490.2099609375 2600.300048828125 2581.330078125 2467.699951171875 2175.68994140625 2084.8701171875 2017.4000244140625 2184.639892578125 2345.919921875 2789.6201171875 2457.530029296875 2287.18994140625 2328.3701171875 2479.659912109375 2242.10009765625 1982.800048828125
1400.3399658203125 1455.6099853515625 1444.7099609375 1343.68994140625 1152.260009765625 1000.71002197265625 946.82000732421875 945.84002685546875 959.9000244140625 940.90997314453125 945.52001953125 1135.9100341796875 1311.4300537109375 1262.7099609375 1255.1400146484375 1460.9100341796875 1346.530029296875 1516.8199462890625 1640.5899658203125 1906.9300537109375 2122.139892578125 2122.010009765625 2114.56005859375 2034.3499755859375 1743.7900390625 2012.969970703125 2087.010009765625 2166.4599609375 2456.10009765625 2524.860107421875 2569.97998046875 2383.43994140625 2208.2900390625 2193.169921875 2276.6298828125 1924.8199462890625 2074.06005859375 2365.8701171875 2640.909912109375 2525.3701171875 2577.25 2632.429931640625 2402.429931640625 2028.530029296875 1779.5899658203125
1239.75 1215.75 1186.8199462890625 1109.050048828125 1067.5699462890625 989.96002197265625 944.1400146484375 942.34002685546875 940.32000732421875 940.6099853515625 1053.2900390625 1324.9300537109375 1514.0699462890625 1647.699951171875 1565.969970703125 1634.510009765625 1708.6600341796875 1816.530029296875 1942.2099609375 2057.47998046875 2308.179931640625 2240.070068359375 1941.31005859375 1630.06005859375 1792.6400146484375 2067.429931640625 2240.419921875 2275.830078125 2495.10009765625 2575.169921875 2456.330078125 2344.570068359375 2301.27001953125 2320.199951171875 2098.75 1787.199951171875 1858.4300537109375 2224.56005859375 2362.7099609375 2546.8798828125 2554.780029296875 2598.5 2459.760009765625 2236.7900390625 2060.2099609375
