data/DataRaster/kriging_interpolated_RH_local_20080722_1500.asc
NCOLS 187
NROWS 176
XLLCORNER 659300.0
YLLCORNER 5127800.0
CELLSIZE 500.0
NODATA_VALUE -9999
[rows 0 to 19 of 176, columns 44 to 87 of 187]
55.65110430821564 55.651123224011826 55.65115270195756 55.651197102836655 55.65126104662049 55.65135268951037 55.651477291674595 55.651653945862954 55.65189292863211 55.652209258448316 55.65259455846566 55.653065601412926 55.65360925689754 55.654266059213505 55.655040148142255 55.65589673442226 55.65693384111175 55.65793662762401 55.658838575982934 55.659982910807756 55.6608663540407 55.66153157420761 55.661831909400874 55.6618440828924 55.66151438698571 55.661028701577415 55.66021861228424 55.65936934628284 55.6583585694925 55.657219825826985 55.65620836015824 55.65517604702387 55.654289382219126 55.65354174510294 55.6529644853214 55.65249931795739 55.65214683130456 55.651870670705534 55.65166399676778 55.65151302101569 55.65140418139319 55.65133078857632 55.651280830164794 55.6512461907688
55.65113089929491 55.65115861296222 55.65120321222915 55.651266553847016 55.651361075656176 55.651496810791414 55.65168923042926 55.65195551943826 55.65232971794016 55.65281043237487 55.65342055028323 55.65417180837017 55.65505288542839 55.65613153541636 55.657441881138915 55.65893348684787 55.66045405402869 55.66208720293828 55.66417867648842 55.66633239675001 55.66786361238439 55.66889383091381 55.66951492999891 55.66947467952864 55.668872865869076 55.66786771994716 55.66656105869443 55.664803345949196 55.66303997690758 55.661156155591996 55.65926839754793 55.657614806326514 55.65620713608321 55.65500845467235 55.65403805672432 55.653281977730614 55.652708546769006 55.65228128008153 55.65196728053781 55.65174179401437 55.65158384455799 55.65147581338887 55.6514057597287 55.65135862380003
55.65117067358044 55.65121126354378 55.65127142183437 55.65136233807347 55.65150014548434 55.65169964781507 55.65198538302408 55.652381442862726 55.652951142433494 55.653685686765115 55.6546339712315 55.65582127169713 55.65724127909602 55.65898797978205 55.66095506921258 55.663615020690756 55.66696118944396 55.669313121572735 55.67185738348701 55.67505401949923 55.678457870886845 55.68108018700541 55.682509177562814 55.682332308789206 55.68131827451409 55.67938412720551 55.67686121850292 55.67386066814421 55.67059282314659 55.667078585140025 55.66392974952363 55.661258099708064 55.65896492221708 55.65710580339612 55.65560106810517 55.65441885714661 55.65353483522552 55.65288226766412 55.65240866727078 55.652075388068894 55.65184214973829 55.65169054815561 55.65159818192013 55.65153593335593
55.651231645529236 55.651286684127655 55.6513659664851 55.65149761658812 55.651689424017505 55.651979892399126 55.652393646824386 55.65299104980773 55.653817262218766 55.65492782446459 55.65639642073874 55.65825121007822 55.66053225958644 55.663370928300616 55.66676005619831 55.67109345431753 55.67692223751559 55.68225601723072 55.68572542198043 55.68963659918543 55.694180397394135 55.6990857036142 55.70205593390973 55.70207866760189 55.69916143759448 55.696557461107645 55.69282149560518 55.68763673535515 55.68198808754308 55.67603022739863 55.67093105561631 55.66656180583197 55.66281923266577 55.66007185677337 55.657801741885805 55.656039051797954 55.6547176925577 55.65374183145179 55.65304345829753 55.65255875829962 55.65223115441946 55.6520294322103 55.65189819369863 55.65181593571256
55.651326396142245 55.651396699877324 55.65150273371064 55.651678805307625 55.65194782656989 55.65235344355904 55.65296308990651 55.65381990300338 55.65500839073807 55.65667008000388 55.65886617319065 55.66176758077967 55.665384565493774 55.669944464713666 55.67500336587277 55.68259594629775 55.69181124292028 55.7023870473215 55.71058695277803 55.71630266504501 55.72056243875811 55.725686050926626 55.72865477584109 55.72864614310142 55.72704519443848 55.72327827087318 55.71705716955239 55.707501242835264 55.69835758217751 55.6895589955491 55.68080852101345 55.6739295149718 55.6687641799108 55.664222987239114 55.660887644504776 55.65836700872476 55.656399249771134 55.65495581066462 55.65394907373367 55.65325753388131 55.652811227588835 55.6525340299349 55.65236378269746 55.65226083121182
55.65146300240913 55.651553852954116 55.65169466418362 55.651933309781434 55.652307918809164 55.65286517885381 55.653694597641035 55.654901693504065 55.65663609180087 55.65908441011922 55.66245226109088 55.66679108803995 55.6723819241906 55.679247822574354 55.687545134374034 55.700052104854315 55.715553567395304 55.733846957521436 55.75147802601057 55.76102447712597 55.76850854056557 55.77477019334557 55.77869192205743 55.77636019776299 55.77074256678986 55.76142609799753 55.74930260134179 55.73601872065485 55.72212573921663 55.70801248761401 55.696444914649426 55.687482433507775 55.67918826890958 55.67132226229776 55.66549312079854 55.66157323181614 55.65876552574932 55.65665831060254 55.65522123033638 55.65426476619801 55.65366128484331 55.65329499805946 55.653085960245704 55.65297398651853
55.65167190457079 55.65178111437307 55.65196235184487 55.65227713478261 55.65278036803175 55.65354499512835 55.654680355109505 55.65637536051213 55.65883396638673 55.66240269211667 55.66732151501824 55.67392917411535 55.68239062834367 55.69263712680458 55.70667537004782 55.7277064514852 55.75378154999985 55.783976661344695 55.80706958522599 55.82729582588659 55.84976416743235 55.867046930394785 55.872249597362945 55.86882995023612 55.85839982772496 55.837228729677456 55.812020471188035 55.78491031767017 55.760991522326194 55.73967492495119 55.72234592728684 55.707107622793465 55.693280822774106 55.681871382429115 55.672581633992564 55.666294690070515 55.66202257450435 55.65902126207611 55.657005879961474 55.65570219761296 55.65491078832091 55.65443805876927 55.6542016519308 55.654117115814415
55.6519906203806 55.65212056484323 55.65234980198832 55.652749451551735 55.65339420756212 55.6543991532348 55.65593001961495 55.658245526255705 55.661700992049056 55.666742851255364 55.67369120586524 55.68318672315014 55.6957226069509 55.71170315042977 55.734158350364545 55.765377538758536 55.808063962259034 55.85634031000629 55.891457226974644 55.93759387381243 55.980485565251485 56.016994150631575 56.03133350241213 56.02500655416226 56.00965114432732 55.970409190987574 55.924062995431974 55.87325399927452 55.83107815360849 55.78729415633147 55.75936463295857 55.73393475820178 55.713244509082394 55.69618640530272 55.68285603110347 55.67312314850223 55.666551015827444 55.66225434373305 55.65948384626686 55.65772033794172 55.65676403814369 55.65620123793621 55.655969109602935 55.655914827419465
55.652487187566344 55.65263084204863 55.652903669002555 55.65338321337195 55.65418110222801 55.655478516942644 55.65749825352145 55.660597612590585 55.66527354072175 55.67208978605007 55.68198659913649 55.69525492886327 55.713447237852805 55.74133923772012 55.77675061838992 55.81707790850886 55.88070881435414 55.95225717414235 56.03135467553709 56.119759708867726 56.19682345778512 56.25858622261468 56.28930030573836 56.28570442080311 56.240944153280196 56.18766383271238 56.10999884980861 56.01227472098156 55.94496153406202 55.87059011623086 55.809228066935695 55.771508532120876 55.740223383135415 55.71459889418155 55.69576702423675 55.68203653687537 55.67272835265829 55.666654346114505 55.662733191231894 55.66063887236015 55.65953396567914 55.65900180826216 55.65882501745443 55.65878153301294
55.653269020957175 55.65340804205168 55.65369177537708 55.654239354019396 55.65520001698066 55.656799492782035 55.659380167341595 55.66337842060068 55.66950095303332 55.67856721573736 55.691529395855525 55.710932368426676 55.74186279806197 55.7849715291645 55.83842972277054 55.91090340458564 55.99525450471016 56.08210797791561 56.227833425946336 56.38961326000862 56.54563017714786 56.65681513660049 56.704542293214956 56.713525754608625 56.64366260718345 56.53466349572502 56.385471789548305 56.23489084222726 56.115060410114275 55.99834910630544 55.898529703924275 55.82667755360505 55.77740048696808 55.73950016039517 55.712332031913725 55.6933291123987 55.68052132356848 55.672338069855186 55.66748557403306 55.66488409023901 55.66368918222235 55.663319705060054 55.66342222689545 55.66361222626889
55.654527468409825 55.65460538460822 55.65485174007535 55.655420352789854 55.656524691339406 55.65843444225008 55.66154920908818 55.666496183827064 55.67447974656728 55.68734832082066 55.70705598780605 55.73372048067489 55.77926118853897 55.84553817186996 55.925963503939194 56.03851881337314 56.18469779961034 56.311779643360076 56.50972404486798 56.78834885839882 57.053883188269424 57.25572083033454 57.34278815990248 57.30987406783978 57.23083301871805 57.0333622068747 56.805701882503435 56.566696456374416 56.36337143119299 56.17575279142861 56.02065265540786 55.90526115072625 55.82624066616618 55.7716554137159 55.73365540682241 55.707635950394476 55.690433371890684 55.67980571256387 55.673899964001045 55.67094376197313 55.669970488456066 55.67005979165915 55.67062864332624 55.6712112251029
55.6565556583844 55.65648701289881 55.65659623876248 55.65708760239979 55.658211684268906 55.66036888998864 55.66417191330366 55.670784752412544 55.68169116120995 55.69958345944126 55.72659662244396 55.763079013877295 55.82343815344135 55.920450699986326 56.04686260143193 56.217702098448676 56.42842915275807 56.659381303415216 56.898825907878155 57.23078548584346 57.62418061660137 57.89275811297551 58.03097082291311 58.03936210924248 57.97517259748096 57.78527732126783 57.47875778029851 57.072789686260634 56.701999065739805 56.4175601064495 56.184078817768594 56.011032140573285 55.89495937800662 55.81409207651469 55.76062303923496 55.7251706997366 55.70237483284864 55.689531001693105 55.68265740482834 55.67980422294935 55.67956543135789 55.680763537105406 55.68259496540449 55.683864836077376
55.65983871758888 55.659470145223565 55.659241456186315 55.65947666299858 55.66057484617502 55.66305595218153 55.66759073772925 55.67639364451523 55.690292331975925 55.71252129485662 55.748150448341576 55.796818548833826 55.87872741874017 56.01116562656476 56.20219024450737 56.44880036748328 56.767529669302725 57.186907656482184 57.49716475964402 58.23890101245181 58.80337106535465 59.23900061660547 59.45697410717628 59.41898317987286 59.08067177244433 58.833268591689915 58.31308405741242 57.72382330778639 57.177131764825454 56.73098600659322 56.38960799132406 56.145209998379066 55.97694404730914 55.86536734007374 55.79199684191915 55.74577022326996 55.717813995952554 55.702028647134554 55.69468270878664 55.69262916416548 55.694027927406985 55.69748551612956 55.70122284515209 55.70404812903834
55.665101630115814 55.66411565937086 55.663312910910705 55.66315485506478 55.66418300181889 55.66689659021617 55.67207751250595 55.68144348839755 55.69910008755598 55.7276826385022 55.770795954636014 55.83317147462132 55.94185777157363 56.116829282111915 56.3583395284171 56.69984166295399 57.1643878005159 57.77405648951068 58.27239838443187 59.18645673904157 60.513122961149925 61.7581766377004 62.11393617083337 62.13998485580731 61.417729886008466 60.56819070368635 59.56697904079273 58.58978851951826 57.7666500354076 57.11579939669017 56.630889733834735 56.29344294709102 56.06795531003861 55.91978684200815 55.82603899374926 55.76868601709938 55.735604980856714 55.718078162449565 55.711263299232286 55.71145741666206 55.71572633559056 55.7227921513006 55.73022117149255 55.737535075195055
55.673675103463964 55.67158914781199 55.669805067449914 55.66890826125711 55.66931126646917 55.67174196263308 55.67729713887218 55.68713867845263 55.70714170472659 55.74152653276809 55.793819931774806 55.87114506899295 56.00646073979248 56.219785975341686 56.51477985602135 56.963746010947204 57.57237878323589 58.369240852962434 59.278222043322586 61.032894918119034 62.310383275328256 64.00366692506448 65.57397336034443 66.12634659651262 65.13496306278357 63.0990266550738 61.29707796969982 59.75355187153976 58.504948254083125 57.56518251578521 56.8964735644118 56.450282453558536 56.159700261867506 55.97436330071253 55.85863747496151 55.79278345973296 55.75590449575752 55.73778291001761 55.733612200739344 55.73886604682272 55.74964981013358 55.763174112235326 55.77789821977068 55.793699882394726
55.68803687947697 55.68416105239794 55.68015397845218 55.67748016662905 55.67655300597607 55.67814245143429 55.683397601076074 55.69387299687253 55.71490418213957 55.75308235828403 55.81521090468176 55.90719613462109 56.07199604972218 56.32782694926042 56.71843989059244 57.29229993178671 58.06866183064884 58.96227104976865 60.50527474066011 63.23570655109129 66.75881526477949 69.53551894853805 70.6764281385049 70.8441817250567 69.4817118640065 66.64000021974805 63.71060656708338 61.09238145214428 59.28061978893526 58.02325028671018 57.156502651804075 56.596942804757184 56.24126867656641 56.02568407203446 55.890856426220566 55.81740633634527 55.77836752848934 55.762664059714 55.763750289274554 55.77666317810094 55.79944327437656 55.82724702832916 55.85699249013009 55.88567434545667
55.710695369389796 55.7039656654602 55.69660791403808 55.69069887679685 55.68709202370952 55.686707836950085 55.69073777202077 55.70055117945138 55.723290614602476 55.76479242093008 55.83472589182553 55.94414401098883 56.12972253929872 56.41983688236742 56.86645597904514 57.49726552067334 58.37650533662436 59.46695186884934 61.88968878796499 65.67578557509785 70.30433535651397 75.82978895592187 79.80154556304491 78.84815001036128 75.2282859764227 70.28826578368796 65.82032047822202 62.44833404443291 59.99214254221934 58.38762727150148 57.355810691822334 56.708138721540564 56.297872295297765 56.06318931735339 55.920628718126096 55.83962327724997 55.803461980526706 55.79345941820645 55.80438577413144 55.8279115688702 55.873864653128436 55.924344234248046 55.97829586785949 56.024915031053354
55.74804433302911 55.735367240823976 55.72218694401692 55.710855898266104 55.70283035804567 55.69866562362837 55.699882955703124 55.708305968131334 55.73122639042763 55.77397080124076 55.845930359981395 55.96650844066358 56.15776641549018 56.46413161667494 56.95352053903725 57.757940720635176 58.6253569936263 59.978736499230834 62.749028310708205 66.9011502314351 74.31458077784207 83.49712046784478 91.05626510704924 89.25807654856801 81.70238342966026 73.24995084532392 67.5358020541895 63.17702842569261 60.352489866443484 58.554413498869756 57.456992916064664 56.76801446910146 56.34922159338799 56.08747359166821 55.9460225041872 55.864020318360495 55.8287739849463 55.83201555664723 55.855157656321076 55.90085814272423 55.97970190092925 56.06811054301167 56.15637933181465 56.23961989654657
55.80810845764396 55.784490924626446 55.7616602220067 55.741896321109415 55.72592727186572 55.71555303684664 55.71234959915161 55.71739193974214 55.73774431523533 55.77967340807724 55.848496771502056 55.96380478795263 56.161708617829404 56.4907636854223 56.95830586067096 57.655752842051385 58.467589678722405 60.341780333411826 63.55668620036764 68.47050273931129 74.67487522009974 85.10237067047126 96.061269861904 94.59712942674615 82.22196177293547 73.54792689979497 67.49505655496186 63.136399031705494 60.28667069213553 58.54262040854886 57.46740403998001 56.782915369847196 56.366904261508175 56.09790490630311 55.96114868725719 55.88624656168287 55.86111310733569 55.873683578339396 55.919945711644765 55.99897239554096 56.112249633765984 56.254487017715995 56.397212890076474 56.53986929953124
55.90363330040413 55.86267175837593 55.823962160176535 55.78864980974066 55.759788182629286 55.73953752735295 55.728681942054344 55.7285396896932 55.74394755843805 55.78049537634001 55.84475364327162 55.9486391600841 56.12473328488364 56.43450931004368 56.81532326180407 57.37307001766509 58.4281931688637 60.322016990156406 63.30013466113452 68.21156191154854 73.95424205730438 81.04865076877999 87.56374731384966 86.42189917236416 77.24917107229295 70.91929392408235 66.07121853240582 62.53375607925384 60.02410887014543 58.3896969884195 57.36557037760576 56.70797566063434 56.333907319825585 56.085191793508976 55.9614201201855 55.900670888578716 55.88939596888316 55.92685997623807 56.005265985393564 56.135906337954 56.3267998404467 56.53920731120089 56.85757133104362 57.14641630412983
