data/DataRaster/kriging_interpolated_RH_local_20080722_1500.asc
NCOLS 187
NROWS 176
XLLCORNER 659300.0
YLLCORNER 5127800.0
CELLSIZE 500.0
NODATA_VALUE -9999
[rows 100 to 119 of 176, columns 0 to 43 of 187]
55.65104647356475 55.65104646935635 55.65104646359492 55.651046455358966 55.65104644320336 55.65104642556771 55.651046398285004 55.651046357587376 55.65104629833718 55.65104621333061 55.651046092039785 55.651045920991834 55.65104568255983 55.65104535407433 55.65104490696942 55.65104430605009 55.65104350932635 55.651042482367046 55.65104120302119 55.65103964791541 55.65103775961882 55.65103525253727 55.65103235415009 55.65102918224904 55.651025217258244 55.65102125812603 55.65101711311391 55.65101333001665 55.65101121355703 55.65101039800621 55.65101326817662 55.651023403046196 55.65104533252836 55.65108306628009 55.65115023241021 55.65126765984286 55.65146710079597 55.65179807886791 55.652333414553524 55.65321017811231 55.65470430713019 55.65699353159567 55.66117069588452 55.66735946826864
55.651046485039736 55.65104647938244 55.65104647095449 55.651046458392244 55.65104643971731 55.65104641247378 55.65104637147429 55.651046310337975 55.65104622134265 55.65104609353082 55.65104591084517 55.6510456521243 55.65104528948569 55.651044786655945 55.65104409732711 55.6510431636403 55.65104191507781 55.65104028237548 55.651038229877734 55.651035699615626 55.65103247430801 55.65102842141613 55.65102346692641 55.651018119045546 55.65101141592862 55.651003815468954 55.65099624396338 55.65098843799571 55.650982233322985 55.650977138400066 55.65097685079945 55.65098389259602 55.651002581541505 55.65103771319156 55.65109931534507 55.65121519965048 55.65141105372979 55.65174287586004 55.652287489689854 55.65318701422705 55.65463683316059 55.65704319805058 55.66110275278896 55.66722863357623
55.65104648963906 55.65104648160395 55.65104647010972 55.651046452110265 55.65104642480639 55.65104638426121 55.65104632426637 55.65104623538378 55.65104610527002 55.651045916618244 55.65104564547045 55.65104525896863 55.65104471330624 55.65104395086544 55.65104289717298 55.65104145795749 55.65103951659135 55.65103693696783 55.65103361696449 55.65102950172787 55.65102436095399 55.65101772009638 55.65100953411813 55.651000455266974 55.65098928939666 55.65097591717801 55.65096206152125 55.65094772419536 55.650933872959804 55.650922314020605 55.65091623780413 55.65091817956636 55.650929676118835 55.65095734741689 55.651015203746866 55.65112183033536 55.65131256729408 55.65163456344759 55.652166873501685 55.65303995318081 55.654482785487545 55.656858331716414 55.66054842152035 55.6663776031785
55.65104648937905 55.6510464785366 55.65104646187587 55.65104643695848 55.65104639821927 55.651046340512565 55.65104625442917 55.651046126569064 55.65104593954766 55.65104566479274 55.6510452656537 55.651044693736026 55.65104388001073 55.65104273357397 55.65104113563883 55.651038933813595 55.65103593701274 55.651031912481564 55.651026620920064 55.65101990389297 55.65101175223992 55.65100070780383 55.6509878590153 55.650972144840615 55.650953448882625 55.65093045948146 55.6509071307645 55.65088221670271 55.65085843617988 55.65083603846906 55.650818046905506 55.6508090472297 55.6508093842726 55.65082372752544 55.6508690820323 55.65096598707304 55.651149188026764 55.65145728867764 55.65195815261378 55.65277229760009 55.65409479540463 55.65632303146641 55.65986146625363 55.66546003417362
55.65104648526398 55.65104647067564 55.65104644754807 55.65104641247052 55.65104635908441 55.65104627785708 55.65104615684913 55.651045976565975 55.651045709517085 55.65104531333805 55.65104473412451 55.651043891704056 55.6510426883628 55.65104097870791 55.65103857457866 55.651035231786835 55.6510306398329 55.65102441382315 55.651016101204874 55.65100542982243 55.65099206511794 55.65097486887388 55.650953618367026 55.65092789915113 55.65089549438718 55.65085778321642 55.650818286289606 55.650777565666246 55.650733398525496 55.650691563139084 55.65065409442517 55.650625179344814 55.65060566932676 55.650599220623846 55.65063464134871 55.650710270981804 55.65088996085295 55.65117515083497 55.65163939298344 55.652365686563535 55.653556696372505 55.65552068856157 55.65877900839619 55.66371973431655
55.65104647833931 55.651046457936275 55.651046426941924 55.65104637876207 55.65104630503119 55.651046193628794 55.6510460269386 55.6510457761302 55.651045392825004 55.65104482478618 55.651043995581766 55.65104277405849 55.65104100252846 55.65103847463206 55.65103488743524 55.651029853059434 55.65102287134023 55.65101331291069 55.65100040996812 55.65098371765348 55.65096199125061 55.65093509556911 55.65089949024464 55.65085624941821 55.650803776551435 55.65074529060243 55.6506772832041 55.65060599500917 55.6505282672757 55.65044767538282 55.650377523992766 55.65031869898827 55.65026537830416 55.65023462601825 55.650238331211774 55.650293756592596 55.65047193473064 55.65073249997368 55.65117007993285 55.65184421535608 55.652894355428046 55.654549754592246 55.657297790325714 55.661574086233905
55.65104646779586 55.651046441029905 55.6510463985859 55.65104633338286 55.651046232928316 55.65104608132494 55.651045859872916 55.651045510449066 55.651044966282264 55.651044160728404 55.65104297423338 55.65104122035479 55.65103864428839 55.651034939520734 55.651029633874586 55.651022116432635 55.65101158886213 55.65099703120736 55.65097717534437 55.65095114078261 55.650916932638154 55.65087265825955 55.65081557581011 55.65074825341877 55.65066273325823 55.65056846547776 55.650455238872844 55.65032686409639 55.650186092806905 55.650049122598965 55.649922163106105 55.64979873203647 55.649709354532135 55.649635642982815 55.649610733127474 55.64962243092502 55.649765667473076 55.65002903489283 55.65047409488516 55.651115172185676 55.652051077895244 55.653488369936355 55.655646834861685 55.65917036405302
55.65104645432565 55.65104641824452 55.65104636208872 55.65104627606902 55.65104614287268 55.65104594323888 55.651045638784666 55.651045160487676 55.65104439951308 55.651043268748296 55.65104159369477 55.65103909219074 55.65103539379332 55.65103000524698 55.651022231275114 55.65101110841583 55.65099537458654 55.6509733928908 55.65094309440012 55.65090232691503 55.65084831589855 55.650780881497845 55.650693104108534 55.650583996696376 55.650450774450796 55.65028381578522 55.65008795907913 55.64986547109406 55.649629998525825 55.64939745729684 55.64916582761608 55.64895482936558 55.64874960402176 55.64860147280348 55.6485436353554 55.64852913174024 55.648611645764795 55.64892182475582 55.64939830766179 55.65000895381652 55.65093710065656 55.652296323446066 55.65417664203885 55.65695948053743
55.65104643633824 55.65104638957546 55.65104631599588 55.65104620368118 55.65104603103431 55.651045772305906 55.651045352374595 55.65104469763999 55.65104366265505 55.65104208564567 55.65103973403227 55.651036224833504 55.651030969700344 55.65102321570783 55.65101192506677 55.65099562865545 55.650972338304754 55.65093945335263 55.6508936318002 55.65083072514892 55.650747169852664 55.650642017528824 55.65050486903672 55.65032922315978 55.65011425293605 55.64983413704091 55.64949695884602 55.64912281607168 55.648745930278324 55.64835340628926 55.64797309198075 55.647585385741706 55.647177042043275 55.646887633539976 55.64673116862361 55.6467271148319 55.64671701219215 55.647101214073544 55.647654315019075 55.64832457141041 55.64931119388417 55.650613645366 55.652436208265605 55.65482631559613
55.65104641466261 55.65104635376104 55.651046260527266 55.65104611194454 55.65104588864872 55.651045544835476 55.6510449736901 55.65104406191585 55.651042673721726 55.65104053492112 55.651037270140016 55.65103240007231 55.65102504992828 55.65101397636731 55.65099776129078 55.650974136414746 55.65094001547501 55.65089131208185 55.65082268501352 55.650727342575834 55.650597010928124 55.65042462832304 55.6502098452978 55.64993795054384 55.64959045387327 55.649135092894454 55.64856682843159 55.6479849901118 55.647356663407336 55.64668960198805 55.64600693872094 55.64533803949203 55.64463940626582 55.64407375967251 55.64367532319286 55.64357834399254 55.643590265713065 55.644125347028336 55.644845550110745 55.64567421045771 55.64683120102686 55.648316235725474 55.65002518357982 55.6520376206723
55.65104638792607 55.6510463117036 55.651046193144595 55.651045998663676 55.65104570941955 55.651045251179546 55.65104448314956 55.651043281536495 55.65104140008483 55.65103850384135 55.651034145425065 55.65102738346251 55.65101712069388 55.651001684419334 55.650978571317395 55.65094470696458 55.650895275401666 55.65082392903368 55.65072223261645 55.65057926010167 55.650381293520844 55.65011267813531 55.649763288821404 55.64934313896092 55.64877708220974 55.648045307892 55.64711026937789 55.6461851299559 55.64507321421413 55.64390751894078 55.64271362645128 55.641595188621075 55.64058968029987 55.63967650310538 55.6388629398308 55.63846980391839 55.63843344122939 55.63913276652603 55.640180322597175 55.64147501914091 55.643155065836694 55.644975473593945 55.64679613359193 55.648977744245435
55.651046356274726 55.65104626070978 55.6510461114424 55.65104586348068 55.651045496327825 55.65104487753888 55.65104387693774 55.651042277562276 55.651039794134874 55.65103601862277 55.65103018424109 55.651020942258135 55.65100681709753 55.65098536999669 55.65095302797774 55.65090501230345 55.65083426125674 55.650730979108204 55.65058201490428 55.65037001199171 55.650072725925234 55.64966267991039 55.649111290323006 55.64841366918333 55.647551581280815 55.6463564752837 55.64488302300788 55.64325590220608 55.641411180762915 55.6394086614832 55.63749066165521 55.63555476305112 55.63383704841262 55.63214036249734 55.63090676171384 55.630077898194145 55.630223677795655 55.630737216616296 55.632330501906516 55.634449537959185 55.63689143158475 55.63979908722505 55.64216268592392 55.64493376650375
55.65104631922542 55.651046198951825 55.65104601072022 55.65104571466522 55.651045238020075 55.65104445344397 55.65104313951089 55.65104108273371 55.65103787447803 55.651032995309706 55.65102529992079 55.65101289386925 55.65099359113852 55.65096427046363 55.65091989483138 55.65085306803745 55.65075239462014 55.650604798909356 55.65038934167489 55.65007883161315 55.649637686885455 55.64902087753557 55.6481744231599 55.647057880329044 55.64566102669018 55.643737877366114 55.64152790572182 55.63875127979257 55.635737699771816 55.63255976962804 55.62903042356499 55.62576921291287 55.62269908391437 55.61990455933214 55.617946012073624 55.61676065641218 55.616541440721356 55.61811479406738 55.62005152868114 55.62309601495939 55.627212296035964 55.63137070829791 55.63542090936586 55.63926243343971
55.65104627754831 55.651046126266316 55.65104588916943 55.651045516168885 55.65104492102821 55.65104392326208 55.65104226077525 55.65103963174112 55.65103554083656 55.65102945016216 55.65101943201225 55.65100303633768 55.650977292376574 55.65093736615886 55.650876829236765 55.65078500299529 55.650645859607664 55.65043649908186 55.65012914556511 55.64968047590538 55.64903442913841 55.6481183827687 55.64684184226143 55.64514577743184 55.64283251818569 55.63991246403594 55.63628263955821 55.63184416196682 55.62664717036811 55.620981453836734 55.614934586928904 55.60943938189802 55.604152471076134 55.600001577424365 55.59619173003287 55.59496358561114 55.59487368287946 55.59711038482267 55.60045047825951 55.60516782448065 55.611520080162826 55.61837288455586 55.624957488663725 55.63107259082959
55.65104623109086 55.65104604644853 55.65104575362609 55.651045280297964 55.65104453738089 55.651043288885944 55.651041232680704 55.65103791464835 55.651032805894715 55.651025125242136 55.65101234865615 55.65099097626439 55.65095708241883 55.650904014907184 55.650822459726456 55.650697665041164 55.650508847843895 55.65021865281446 55.649784448940665 55.649145717436014 55.6482132815959 55.64687194356083 55.64497429759092 55.642349022181186 55.63888798210205 55.634516235614015 55.62903302466511 55.62173566193251 55.61310784054724 55.60371108967747 55.59405987843896 55.583907796792005 55.57487264648883 55.56768845951026 55.5619918231603 55.55857957428617 55.55827726654004 55.5613654856502 55.568411619022896 55.57754448326174 55.5876831546577 55.59843349795159 55.609085277577876 55.61888800134407
55.65104618101563 55.65104595964333 55.65104559928025 55.651045041368825 55.651044124454494 55.65104256386948 55.65104002412303 55.65103594468256 55.651029564148686 55.65101953295942 55.651002428102316 55.650975246658106 55.65093232990468 55.65086375605698 55.65075537067148 55.65058873448414 55.65033169647094 55.64994036603276 55.649337438721744 55.6484428473234 55.64711855050977 55.6451851899916 55.64240697315452 55.63850237812795 55.633219438768364 55.6264040513408 55.617508557234075 55.60725037616431 55.59392146575222 55.57872856100946 55.56182783222147 55.54528334436701 55.52784911372222 55.51384158274801 55.505507188145735 55.499789888766216 55.49950348126277 55.507011895277266 55.51858700257933 55.53565297384155 55.55123828532644 55.569885667366336 55.58633806526945 55.60097680030678
55.65104612774922 55.65104587485629 55.651045451339776 55.65104476039174 55.65104366487214 55.65104176779935 55.65103867211963 55.65103371012689 55.65102566134894 55.65101230391497 55.65099089023872 55.65095649639327 55.65090171820461 55.6508138312746 55.65067468088363 55.65045568449425 55.650115368343926 55.64958636727929 55.648772331303576 55.64754059886471 55.645692834403654 55.642954576680935 55.63895649212014 55.63321822188454 55.62515907423446 55.614371210008095 55.60041029176394 55.58256240644355 55.560417361661045 55.53381119238977 55.510476407086884 55.48264348251385 55.45093053080592 55.42447693816213 55.41250749698695 55.40413742496621 55.404111964551745 55.41414499915334 55.43814193221386 55.4674150098671 55.498369391575004 55.52560189555703 55.5516859417753 55.575305517797275
55.65104606486683 55.65104578391945 55.651045297490754 55.65104449469135 55.65104319209115 55.65104090792569 55.65103725343686 55.65103123083627 55.65102132248532 55.65100486923808 55.6509782487762 55.65093534651582 55.65086622563534 55.650755625114165 55.65057956736648 55.650300481923345 55.64985747412392 55.64915891410302 55.6480752118027 55.646412799899565 55.64388441044945 55.64008092873169 55.634437057252676 55.62619492496898 55.614381311916034 55.59788945108238 55.57584013463577 55.546936606161516 55.51023710970317 55.467874260091534 55.42835557624055 55.374796387899316 55.323766053974346 55.280924075564926 55.25412094975969 55.233753089301416 55.24660751854481 55.26613955399402 55.303998000849944 55.354030739324315 55.41016601237748 55.45547180542689 55.497348557966966 55.53585883219054
55.65104600298265 55.65104568433512 55.651045130469335 55.65104422080069 55.65104263581728 55.6510399615459 55.65103567539124 55.651028465811805 55.651016360091276 55.650996743702855 55.650964967899 55.650913328700106 55.650829467953756 55.65069326776839 55.650473727267546 55.650123243017454 55.64956099283652 55.6486492650436 55.64724438787278 55.645044340801114 55.64165798396627 55.636487697705 55.62869034337169 55.61710158476892 55.6001728732063 55.57594556960178 55.54216472003856 55.496690662246664 55.43852113318973 55.37280485801705 55.30450606916881 55.20517008189393 55.11691697960919 55.05436314806401 55.00326149667029 54.957143707375735 54.982751283299024 55.03521829722836 55.09574562685898 55.17291942334118 55.26448430015275 55.3529047076727 55.42268313689701 55.4812747660058
55.65104594987624 55.65104560186012 55.65104496765279 55.65104392772216 55.65104202292171 55.651038908809596 55.65103380824231 55.651025335388795 55.651011351604915 55.650988672063754 55.65095138622695 55.6508890908746 55.65079017203778 55.65062323995461 55.65035572660975 55.64991896808844 55.64921466079523 55.648092022686804 55.64628960470781 55.64344058989524 55.63900857559432 55.632145695281466 55.621628912405114 55.60572228669641 55.5820361960442 55.547420467829006 55.49799004765646 55.4293724246602 55.340554764660595 55.244542644774235 55.12689471813949 54.9645716804294 54.794545007267146 54.67657790041979 54.5913490035814 54.533435181830896 54.542456785543386 54.64134071904522 54.759189117625276 54.9095816670873 55.0540637547272 55.18958897022655 55.31418985429552 55.404591187731796
