data/DataRaster/kriging_interpolated_RH_local_20080722_1500.asc
NCOLS 187
NROWS 176
XLLCORNER 659300.0
YLLCORNER 5127800.0
CELLSIZE 500.0
NODATA_VALUE -9999
[rows 20 to 39 of 176, columns 132 to 175 of 187]
55.65104622608577 55.651046243702176 55.651046264784505 55.651046293024386 55.65104631156001 55.651046336530285 55.65104636183467 55.65104638546023 55.651046405609144 55.65104642504179 55.65104644120622 55.65104645327143 55.65104646437979 55.651046474517656 55.65104648263033 55.65104648951181 55.651046495274514 55.65104650030393 55.6510465043309 55.651046507385345 55.65104650957058 55.65104651120543 55.65104651245312 55.65104651343604 55.65104651417242 55.65104651465979 55.651046515039695 55.65104651530188 55.65104651549481 55.65104651563166 55.65104651573144 55.651046515793105 55.65104651583953 55.65104651587333 55.65104651589638 55.65104651591303 55.65104651592447 55.65104651593255 55.65104651593776 55.65104651594129 55.65104651594376 55.651046515945296 55.651046515946376 55.65104651594706
55.651046024983955 55.651046055378345 55.6510460941966 55.651046138381574 55.651046184655286 55.65104622359569 55.651046267447256 55.651046303620085 55.65104633659671 55.651046369992706 55.65104639321816 55.65104641321146 55.65104643180987 55.65104644853097 55.65104646224311 55.651046473611395 55.65104648328342 55.65104649157324 55.6510464977195 55.651046502408356 55.651046505969724 55.65104650859642 55.651046510586305 55.651046512185296 55.6510465132262 55.65104651400094 55.65104651459206 55.65104651500377 55.6510465152826 55.65104651548627 55.65104651562804 55.65104651572699 55.65104651579354 55.65104651584074 55.65104651587474 55.65104651589912 55.651046515914935 55.651046515926 55.651046515933686 55.65104651593879 55.6510465159421 55.65104651594442 55.65104651594591 55.6510465159469
55.651045682609166 55.65104575620738 55.65104581925613 55.651045881126166 55.65104595516998 55.65104602808437 55.651046096346235 55.65104615999594 55.65104622001348 55.65104627580387 55.651046312317284 55.65104634819084 55.651046379473165 55.651046407047005 55.65104642975333 55.651046448689954 55.65104646447508 55.65104647745453 55.651046487330014 55.65104649484853 55.651046500436095 55.65104650465703 55.65104650780339 55.65104651015075 55.65104651181295 55.65104651300608 55.65104651389065 55.65104651453735 55.65104651496577 55.651046515279766 55.651046515480196 55.65104651562692 55.651046515726605 55.65104651579722 55.65104651584582 55.65104651587982 55.65104651590209 55.651046515917365 55.65104651592799 55.651046515935384 55.6510465159402 55.65104651594336 55.65104651594549 55.65104651594691
55.65104513768191 55.651045218535366 55.65104531548142 55.65104543300705 55.65104556145223 55.651045690335984 55.6510458123811 55.65104593484628 55.6510460384566 55.65104612466901 55.65104618708572 55.65104624269677 55.651046294722754 55.65104633971502 55.6510463779622 55.65104640939861 55.65104643484937 55.65104645537029 55.6510464710679 55.65104648295094 55.65104649205384 55.65104649860609 55.65104650357185 55.65104650712638 55.65104650968133 55.65104651154513 55.65104651286123 55.651046513827616 55.65104651450188 55.65104651496245 55.65104651528777 55.65104651548468 55.65104651563343 55.65104651573626 55.651046515807906 55.65104651585486 55.6510465158851 55.65104651590626 55.651046515920775 55.6510465159307 55.651046515937566 55.65104651594209 55.651046515945005 55.651046515946945
55.65104411804904 55.65104428666319 55.65104449180401 55.65104472367925 55.65104496051569 55.6510451750043 55.651045373991025 55.651045549530984 55.65104571304301 55.65104586530552 55.651045974742914 55.65104607385035 55.65104616074633 55.65104623369524 55.651046296707776 55.651046348427684 55.651046389379 55.651046421136364 55.65104644570704 55.651046464557936 55.651046478839035 55.651046489254824 55.651046496943216 55.65104650241681 55.65104650639927 55.65104650932329 55.65104651136531 55.651046512816194 55.651046513831 55.65104651451562 55.65104651499435 55.65104651530017 55.651046515501655 55.65104651565055 55.65104651574776 55.651046515816006 55.6510465158628 55.65104651589165 55.65104651591153 55.651046515924975 55.65104651593423 55.651046515940656 55.65104651594475 55.651046515947414
55.65104241774381 55.65104279987975 55.65104318760874 55.65104352952076 55.651043891350234 55.65104425786063 55.65104459434017 55.65104493779916 55.651045185523344 55.651045427550656 55.65104563078987 55.65104580034773 55.6510459443171 55.65104606655779 55.65104617207424 55.65104625832455 55.65104632202999 55.65104637128086 55.651046408547444 55.65104643740456 55.65104645923624 55.651046475337395 55.651046487102555 55.651046495667764 55.65104650203973 55.65104650629233 55.65104650930804 55.651046511398086 55.651046512848055 55.65104651385791 55.6510465145599 55.651046515044094 55.65104651532646 55.65104651553578 55.6510465156719 55.65104651576362 55.65104651582894 55.651046515871805 55.651046515899516 55.65104651591786 55.65104651593043 55.65104651593922 55.651046515944984 55.65104651594869
55.65103968314541 55.65104023380361 55.65104082216665 55.65104142531105 55.6510420689912 55.65104271763682 55.65104331431549 55.65104385822723 55.651044317400135 55.65104471571231 55.65104506240022 55.651045350532236 55.651045596431565 55.651045812359506 55.65104599048976 55.65104612534037 55.65104622443849 55.65104629736828 55.65104635459455 55.65104639922494 55.65104643180858 55.6510464560331 55.651046473166225 55.65104648604581 55.65104649570567 55.65104650228205 55.651046506506965 55.651046509478036 55.651046511525216 55.65104651300431 55.651046514004626 55.65104651464732 55.65104651507151 55.65104651537015 55.65104651555932 55.65104651569455 55.65104651578312 55.65104651584357 55.65104651588283 55.651046515908774 55.65104651592623 55.65104651593839 55.65104651594624 55.65104651595128
55.651034887744736 55.651035779692485 55.65103681838107 55.65103789711316 55.651039046749155 55.65104017355019 55.65104123016419 55.6510421274431 55.651042883224626 55.651043550098684 55.65104414751595 55.65104464178849 55.651045077101834 55.65104543683464 55.651045703654866 55.65104592250714 55.65104607288699 55.65104618823034 55.651046273796624 55.65104634278172 55.651046391021104 55.651046428204324 55.651046453571716 55.65104647253717 55.65104648625209 55.65104649629881 55.651046502645 55.65104650677055 55.65104650969206 55.65104651182022 55.65104651321412 55.65104651408151 55.65104651469889 55.65104651511613 55.65104651539999 55.651046515592995 55.6510465157212 55.65104651580593 55.65104651586194 55.65104651589871 55.65104651592213 55.65104651593869 55.651046515949254 55.65104651595628
55.65102667227296 55.65102837162246 55.65103019790288 55.6510321051731 55.651034027154964 55.65103594194373 55.65103771994925 55.65103925016399 55.65104057586669 55.65104167774874 55.65104271825049 55.651043547075375 55.65104427252204 55.65104488706812 55.651045287475206 55.651045609096116 55.65104584224872 55.65104601847587 55.651046160047684 55.65104626097544 55.65104633347113 55.651046387429254 55.651046426031876 55.65104645343299 55.65104647307993 55.65104648707579 55.651046496784566 55.65104650299744 55.65104650718898 55.65104651018894 55.651046512088996 55.6510465133347 55.65104651419128 55.65104651479714 55.65104651520366 55.651046515472174 55.651046515647565 55.65104651576387 55.6510465158397 55.65104651588809 55.65104651591984 55.65104651594133 55.65104651595566 55.65104651596533
55.651012930745175 55.651015986895516 55.65101917834963 55.65102248251498 55.65102574247353 55.65102893868079 55.651032011788956 55.651034510275124 55.65103677780742 55.65103882363491 55.65104057183856 55.65104189505486 55.65104297440099 55.65104391143023 55.6510446608591 55.6510451651934 55.65104549692427 55.65104577767042 55.651045987349754 55.6510461400284 55.65104625041792 55.65104633085451 55.65104638639601 55.65104642668955 55.65104645496463 55.6510464750041 55.651046488652455 55.651046498115825 55.65104650388848 55.651046508003844 55.65104651056402 55.65104651234056 55.651046513591524 55.651046514407504 55.65104651496323 55.651046515322854 55.6510465155579 55.651046515713396 55.65104651581365 55.651046515878384 55.651046515922616 55.65104651595114 55.65104651597023 55.65104651598282
55.650989984744506 55.650995252042996 55.6510007836855 55.65100655444156 55.651012238891994 55.65101768642996 55.65102256991499 55.65102709368862 55.651031102481504 55.65103445726473 55.651037338773016 55.65103946338548 55.65104108274802 55.65104247024675 55.651043598457136 55.65104443950976 55.65104501576241 55.65104542408837 55.651045743600015 55.65104597316366 55.65104613628886 55.651046247417234 55.65104633091039 55.65104638905049 55.65104642946307 55.65104645858931 55.65104647831395 55.65104649113193 55.65104649958948 55.651046504878295 55.65104650850063 55.651046511080025 55.65104651279171 55.65104651390571 55.6510465146491 55.651046515135306 55.6510465154486 55.65104651565739 55.651046515787485 55.65104651587695 55.651046515934404 55.65104651597255 55.65104651599795 55.65104651601579
55.650951899109884 55.650960905977676 55.65097058653871 55.65098050294656 55.65099038734026 55.650999748372136 55.651008318627994 55.651015620550965 55.651022166567294 55.65102788848174 55.65103218159097 55.65103584134493 55.65103820396794 55.65104024248171 55.65104194541584 55.65104325584401 55.651044221167496 55.65104492392761 55.651045404574454 55.65104574192774 55.65104596766341 55.6510461328106 55.65104625364004 55.65104633698441 55.65104639390697 55.65104643489656 55.65104646366475 55.651046482328304 55.65104649290306 55.651046500586276 55.65104650579125 55.6510465094558 55.651046511782276 55.6510465132901 55.65104651425333 55.651046514906895 55.6510465153166 55.65104651559199 55.65104651576433 55.65104651588173 55.651046515959834 55.65104651601229 55.65104651604877 55.65104651607491
55.650888506283074 55.65090414223134 55.65092128650342 55.650939450456065 55.65095692391212 55.65097230007286 55.65098590833361 55.650997462486174 55.651008271045086 55.6510170969357 55.65102476522236 55.65102971155783 55.651033796263384 55.65103711035055 55.6510395466449 55.65104153830727 55.65104307338852 55.65104415734114 55.651044946006195 55.651045395651664 55.651045737973405 55.65104597991297 55.65104614883978 55.651046261705076 55.65104634654955 55.65104640546956 55.65104644367162 55.651046466551485 55.65104648322753 55.65104649437639 55.65104650197904 55.65104650700222 55.65104651033242 55.65104651238211 55.65104651371773 55.65104651458318 55.65104651514101 55.651046515503864 55.651046515746735 55.65104651590612 55.651046516013764 55.651046516088584 55.65104651614063 55.65104651617757
55.65078312870275 55.65081262682637 55.65084419859768 55.65087361500763 55.650901428572936 55.6509305429179 55.65095070833848 55.65096933862512 55.65098639471969 55.65100095032022 55.65101273193314 55.65102075217667 55.6510272656317 55.65103245238711 55.6510361742873 55.6510390465582 55.65104133977452 55.651042969378 55.65104415008459 55.65104493778667 55.65104541917561 55.65104576973631 55.65104600206236 55.65104616106477 55.65104628145499 55.65104636263644 55.651046416045936 55.651046450422456 55.65104647076135 55.6510464861829 55.65104649677943 55.65104650378406 55.65104650837635 55.651046511105676 55.6510465129744 55.65104651415788 55.65104651493644 55.65104651543126 55.65104651575855 55.65104651597616 55.65104651612726 55.65104651623278 55.651046516306174 55.651046516357454
55.650609330935524 55.650660913929926 55.65071831408085 55.65077306758033 55.65082039543958 55.65086413704664 55.65089564199393 55.6509265764851 55.65095358119124 55.65097704532129 55.6509953209686 55.65100770697243 55.651017740250246 55.651025569378234 55.65103128527102 55.651035687948294 55.65103898751807 55.65104137336674 55.65104305992736 55.65104420459393 55.651044952863465 55.65104544913529 55.65104576488143 55.65104600916909 55.6510461973854 55.65104630479424 55.65104637191354 55.651046423712124 55.65104645455901 55.651046475494844 55.651046490110176 55.6510464995476 55.65104650560429 55.65104650946354 55.651046512018034 55.65104651365323 55.65104651472438 55.65104651539213 55.651046515832164 55.65104651613253 55.651046516346334 55.651046516491505 55.651046516593766 55.6510465166663
55.650320487489495 55.65041132014051 55.65051021551576 55.65060698011761 55.650688682991216 55.65076439874687 55.65081474460687 55.650864717178365 55.65090633655833 55.65094056977519 55.65096964103125 55.65098860065901 55.65100505508069 55.65101710855688 55.65102555585382 55.65103114705669 55.651035750908484 55.65103917804104 55.65104158133988 55.651043102731755 55.651044176581344 55.65104493190819 55.65104543468607 55.65104580430792 55.65104605760605 55.651046214432625 55.65104631770063 55.651046386451604 55.65104643274269 55.65104646171559 55.65104648147286 55.65104649417035 55.651046502304666 55.65104650755924 55.65104651093848 55.651046513113066 55.65104651452619 55.65104651542938 55.65104651603373 55.65104651644898 55.65104651673023 55.65104651694303 55.65104651709061 55.65104651719425
55.64984026822313 55.64999055690978 55.65015365081889 55.650310270107006 55.65044809597937 55.65058151272284 55.650689039257465 55.650782883722115 55.650840128671994 55.650890369080976 55.65093022750961 55.6509620558351 55.65098537069784 55.65100171145894 55.651015587127844 55.65102484153228 55.6510313773936 55.65103595550989 55.65103942662883 55.65104155320002 55.651043132404446 55.65104424476836 55.65104499909372 55.651045531936404 55.651045879863645 55.65104609718238 55.651046244864666 55.65104634023682 55.651046403284674 55.65104644418813 55.65104647060585 55.651046487525335 55.65104649837377 55.651046505349875 55.65104650981358 55.65104651262937 55.6510465144438 55.65104651565604 55.651046516474075 55.65104651703705 55.65104651741918 55.651046517711784 55.65104651793331 55.65104651808001
55.64905156128504 55.64932593511574 55.64958883270596 55.64983408049342 55.6500737432745 55.650287797157816 55.65046705277237 55.65061915115361 55.65072354859172 55.65080690795375 55.65086244760595 55.65091300060652 55.6509510730161 55.65097980681761 55.65100035535212 55.65101574689874 55.65102574332338 55.65103180525221 55.651036618196265 55.651039742010106 55.65104181092817 55.65104332759433 55.651044418893285 55.65104517704759 55.651045652238594 55.65104594808522 55.651046151534054 55.6510462820184 55.65104636721266 55.651046422366676 55.65104645740002 55.651046479591265 55.65104649399178 55.651046503000984 55.651046508577494 55.65104651230437 55.65104651464819 55.65104651621194 55.65104651729144 55.65104651806475 55.65104651863207 55.65104651905429 55.65104651935529 55.65104651958298
55.64774884725382 55.64821447091106 55.64870661827763 55.649165281877366 55.649549824167266 55.64990177862174 55.65017162622602 55.65036100374224 55.65054796953126 55.650671381099365 55.65076375304982 55.65084130117857 55.650902779684586 55.65094665628876 55.65098080330835 55.651000616623314 55.65101558014693 55.65102557682876 55.65103214808988 55.651036906446464 55.65104012769584 55.65104222139269 55.651043667543576 55.65104469468787 55.65104534032485 55.651045756968074 55.65104603092967 55.65104620975952 55.651046323654086 55.65104639592978 55.65104644157718 55.65104647063658 55.651046488624104 55.65104650049537 55.6510465075413 55.65104651222262 55.65104651528262 55.651046517318306 55.65104651881614 55.65104651988337 55.65104652067798 55.65104652131531 55.651046521770915 55.651046522100295
55.645631063973745 55.64645476513905 55.647246379405715 55.64801731168386 55.64868560267457 55.649228913264686 55.649651325804214 55.64997033016055 55.6502586899807 55.65046831251605 55.65062016999497 55.65073673155935 55.65083483045894 55.65090478361879 55.65094859353144 55.650979299923556 55.65100220517763 55.651016983203874 55.65102686170342 55.65103308953095 55.65103761121385 55.65104069102559 55.65104270579441 55.65104405862361 55.65104494386835 55.65104551808613 55.65104588698876 55.65104612137295 55.65104626977383 55.65104636577971 55.65104642308902 55.65104645944015 55.65104648314575 55.6510464976806 55.65104650682498 55.65104651280407 55.651046516764495 55.651046519419474 55.65104652146637 55.65104652302714 55.651046524201234 55.65104652510404 55.651046525867805 55.65104652639873
