data/DataRaster/kriging_interpolated_RH_local_20080722_1500.asc
NCOLS 187
NROWS 176
XLLCORNER 659300.0
YLLCORNER 5127800.0
CELLSIZE 500.0
NODATA_VALUE -9999
[rows 120 to 139 of 176, columns 132 to 175 of 187]
55.56089376393748 55.594116780394145 55.61456090718202 55.62660822170295 55.634199898913394 55.640066193178995 55.645914637179686 55.65365652488611 55.66583249098208 55.68314746192817 55.7118887143335 55.75157291603504 55.80904679461217 55.88563425965133 55.99299708098188 56.1112238014327 56.2520713756345 56.37084976213227 56.44221438812563 56.40154752143144 56.25774490747568 56.04124400920149 55.7133703046075 55.364619940576524 55.009669200739204 54.638571345740026 54.29202556005161 53.998726885683844 53.800471397454885 53.70321691748715 53.68091158220039 53.646230403280505 53.59822182801695 53.48817489057301 53.372958586988126 53.27821687925299 53.31995519966391 53.50644231332715 53.841704509541614 54.26783019670885 54.67642871149168 54.97163189415087 55.17674552235774 55.3178884608432
55.53889941723034 55.57922067096653 55.602925932690574 55.61623374196231 55.62419685169768 55.62936917488868 55.63437757233343 55.64000863786554 55.64914511421401 55.66251452864957 55.68377141429387 55.71564084665536 55.757201959429 55.81021014482373 55.88131576139519 55.95537523852282 56.04053577218928 56.10396084355539 56.128061543840765 56.10505178608832 56.0068844816777 55.85355388482129 55.668540089052804 55.458992351157846 55.237387396221195 55.01609835485735 54.79433868399612 54.597983281734024 54.46028331817624 54.37466566972236 54.32708296868698 54.28921118787205 54.237664869872845 54.184676270515695 54.12765147879848 54.09257712895642 54.11949791855737 54.25634430331472 54.43606005757647 54.660262107484456 54.90946880748077 55.152390909374326 55.262820547876466 55.373587692895896
55.52225638576428 55.56566080643712 55.59130590392483 55.60359432040309 55.610238384111774 55.614033507174035 55.617218737919906 55.620961814252915 55.62709306066016 55.63798061268978 55.65403862690616 55.676217140883125 55.706813214732215 55.74527935184391 55.78934939982473 55.83702900269301 55.8833624453299 55.91596447178732 55.920200570247474 55.895554485492326 55.83857634224243 55.75114596222864 55.64952325334851 55.52045318787325 55.38388882388027 55.243800578379854 55.11040073887467 54.98368340607799 54.88582479288386 54.816480518494004 54.76660503687913 54.71920317458587 54.68443046494579 54.6532861200734 54.63841910010956 54.6239480983244 54.65305619962275 54.72580767554898 54.82398387423073 54.93890995846904 55.07238195841693 55.20451925560222 55.31923119933884 55.39494268611311
55.50895056954962 55.55459433097133 55.57889636959018 55.587343966926134 55.5910868067659 55.592634834053825 55.591984451599366 55.5919041757909 55.59663310934279 55.605976856507766 55.6181631134871 55.635072675647265 55.65701523624446 55.68489166670993 55.712233769882516 55.74347114717035 55.76986804490627 55.785986266422384 55.79011162983515 55.7761753003666 55.737694454445965 55.6809286547438 55.63207822678819 55.54466256381848 55.46466525626296 55.38499285291685 55.29590004475247 55.21858081385424 55.156146811916614 55.105445195498014 55.061239184111834 55.02011967623654 54.98593919857557 54.96059603643278 54.95177173189342 54.950111074123235 54.96338393755199 54.99246168739106 55.03868527802197 55.099361245043724 55.168557041904464 55.244176833033215 55.314679070454986 55.39106377045842
55.49702133702588 55.53721697777248 55.55900057327372 55.56776681312493 55.562312875172836 55.55803931600317 55.552683076585055 55.546892011154426 55.550573491898284 55.56063269845 55.571474727907784 55.5867555010116 55.603821831735466 55.62403282273616 55.64339002566315 55.661250412556186 55.68175150102627 55.691271948214506 55.6868458268 55.674871467209556 55.6529566453549 55.62226197681594 55.59118495233958 55.55063729815244 55.5090049981709 55.4592540109389 55.40845113240146 55.361586674096834 55.3229312427197 55.28834750863948 55.25356414433652 55.21873861547108 55.18629442602818 55.15556958437314 55.13576263508593 55.11374196064525 55.10662888457019 55.108140950754034 55.11428374345655 55.13290433187318 55.16336970897424 55.20539653037168 55.26163724799897 55.34382206077199
55.48754911173577 55.51765289424463 55.529567764218484 55.52775147505799 55.51754592108705 55.49782232798056 55.48803857946935 55.47524862860725 55.47864525008634 55.484715884666805 55.4993177174742 55.51850771730169 55.53880805447656 55.556657624743195 55.57223758101285 55.58407780983665 55.5956080836046 55.60625637298903 55.5966017232402 55.58678649030163 55.57465333937554 55.561102644716826 55.54780846772684 55.534081288446224 55.52265291579094 55.4896093435421 55.46598430417204 55.44201848375461 55.42022616015435 55.39925382929164 55.37113430978436 55.3407646514338 55.30772758163234 55.27136708958536 55.229489086448076 55.18557680494866 55.145196256137 55.10691672047301 55.07427851731963 55.05113194302574 55.04822656533447 55.069395695396 55.122311824693476 55.21184670714021
55.47613002437308 55.48861841606533 55.48302522370269 55.46373945424981 55.443577842760895 55.41326768709573 55.380936496665306 55.35943776290751 55.35860033053283 55.378021181698074 55.395868074147366 55.4230105295565 55.45016928971638 55.4720094027513 55.48427450871533 55.496189141920944 55.50306271286541 55.504416619959834 55.49805676307179 55.4897513425327 55.483521136863864 55.48272247769603 55.487324671956635 55.494017142689316 55.49773377445235 55.48945671982145 55.48552894601338 55.47901323239698 55.47037203341774 55.458194007606004 55.43603335711553 55.4050337477246 55.365919144779205 55.315547945197295 55.251654235107516 55.175171528366846 55.087674183405035 54.99459874065245 54.90561445389988 54.833133229852024 54.79326733334429 54.798161028732494 54.85570262865064 54.96752008144139
55.45743335948247 55.4438097296169 55.41203019185284 55.369077214962104 55.32230457718841 55.261174754729154 55.20885284274421 55.17149796825256 55.17302345255708 55.21197395102955 55.24673755499228 55.29085092779398 55.33207673743193 55.353479650718235 55.368021506106864 55.38558031682038 55.38677399249241 55.385560571512094 55.37386114167072 55.362961607527005 55.358942214245715 55.37488687801447 55.40393611904849 55.422368628055935 55.45029481609932 55.4601218885497 55.473445405413464 55.48379535802532 55.487465659160385 55.482396895053455 55.4617096380851 55.42914889356014 55.38031719035183 55.312244683517626 55.212913342023015 55.08497820414592 54.931799023964665 54.75850892319624 54.583196228249044 54.43344540598914 54.337825102567514 54.321466205800974 54.423842061595536 54.58483829317057
55.42887156664054 55.375470090446775 55.304990384100684 55.21758526433476 55.12858010918167 55.024226425294614 54.922678189108034 54.877517339237485 54.88400718572159 54.94628018131323 55.02972189719496 55.11403958908699 55.150825513475226 55.18016495690578 55.20322746571365 55.21980162459754 55.21241923476038 55.20023009063576 55.182262895839465 55.17419793056685 55.17450235687822 55.21266201002354 55.26691638015018 55.312056930463505 55.35382195685134 55.395995291646116 55.4328004169327 55.46284220241973 55.479828925687116 55.481752549291734 55.461827226925024 55.42563893306607 55.364340973130794 55.2741953074586 55.116537844119854 54.92065767899494 54.66838731439019 54.373962993461234 54.06931697665065 53.77567750882803 53.58774211280738 53.54070425475262 53.6656014286487 53.91274931216052
55.37769780862157 55.278537711592286 55.15085537975209 54.993446354249656 54.82282126936187 54.63772298807745 54.48763544358257 54.43234067192705 54.442012852961405 54.540836258677885 54.641841637156546 54.79201523036492 54.859909899935815 54.928940056982235 54.97359736735845 54.99373312860587 54.98417072322268 54.95521781193686 54.93505427514895 54.91984588106089 54.90887818732262 54.946314131268664 55.01439862426494 55.104737179807394 55.20267732798417 55.28802145365333 55.3627909411566 55.419694552362486 55.4538901361696 55.46292536200334 55.446086495511786 55.40528149895788 55.32812777348937 55.18181211768906 54.978639525450696 54.67962677487087 54.29880158145198 53.84493756689255 53.28121092809915 52.752755834064466 52.39697587972696 52.29775397404567 52.489636084795904 52.911576134703196
55.30538900273669 55.149131707643136 54.95462492308959 54.679475975236834 54.37287885153483 54.061190868603774 53.834073357223716 53.756949968815846 53.758094010603116 53.83979753974854 54.02995980253106 54.32614849536974 54.46078404845812 54.58776329517201 54.65957151776158 54.69580077815989 54.69304060109749 54.64524377041905 54.607692707233596 54.49358361440124 54.48135906801559 54.50366253643654 54.656671560071885 54.810688044912965 54.96469609909974 55.12831853892389 55.260280643318914 55.36802474951652 55.41302004965571 55.43436807098034 55.423748153431 55.37154680315435 55.26190002502094 55.08343680846448 54.79437636233703 54.390450306381865 53.817227859437786 53.02986934443849 52.126212425697844 51.224579026278334 50.558751095772095 50.36746562259854 50.71824647649481 51.47230399127277
55.20012951020739 54.9911433841254 54.69983259827877 54.273181784181254 53.75989270540631 53.212189605898274 52.7823485694247 52.53757815177473 52.54069166609521 52.66172120078141 53.1759506524701 53.5988454072904 53.95205055077683 54.14994697432458 54.256859268630826 54.27982076587321 54.21087258830842 54.0756579621268 53.916275560114684 53.72487936893556 53.63518764643123 53.87551547524813 54.165450795456 54.38620560695165 54.624898489086554 54.89537175956139 55.12073262236417 55.25704841470246 55.34654518915173 55.3883954590017 55.38017007011687 55.314359815004146 55.18094336180132 54.95146159113591 54.56965127799091 54.00561841735443 53.1824388869194 52.02027452856224 50.60715543703727 49.048138235887926 47.81950923221051 47.44438818617994 48.09705308422646 49.467735840500055
55.10286212192807 54.819776553520725 54.3886205137045 53.813381986128455 52.98748974961469 52.02280152714385 51.143872817884926 50.643704546342256 50.63360422080064 51.0856011834751 51.97851752097993 52.58387760629726 53.170945734101394 53.60854276528386 53.76491876062916 53.751794826256344 53.54607880411991 53.19165827507012 52.807640579235226 52.467141058730164 52.424824149087996 53.020460091460016 53.3602018387435 53.782370248862144 54.17148968067523 54.59842395889111 54.93039178377211 55.14805996522417 55.26976566712746 55.33065036639553 55.33190022687657 55.26101047091899 55.110179495874874 54.8118595780991 54.370042128679984 53.62480509351513 52.51128041800131 50.89487537611132 48.81745289434718 46.279382791653006 43.96749795797315 43.21809779778017 44.47183862974989 46.90803508489858
54.99903995380527 54.61876664194893 53.98687072348972 53.11917215501732 51.96572791857914 50.586676829594175 49.01842304039257 47.80071012764969 47.812948479870876 48.85468310254228 50.445007339809095 51.31286001672587 52.26223025877199 52.949900995087965 53.20369963747686 53.14044635528728 52.74448729928779 52.08784698428019 51.29935947632682 50.66941245701693 50.70798110413671 51.52963685442464 52.172201799563 52.92645762103031 53.591970000199154 54.252469537298985 54.714643531788745 55.00194359419797 55.18778865898248 55.27970012478652 55.28852338694577 55.21471570076047 55.03839666022517 54.72314671684879 54.16775515383435 53.33871769715003 51.991844935575195 49.91932456641005 47.02958066241249 43.19887062709302 39.1649028262772 37.616886484808234 40.12492431893732 44.228042550303805
54.92144782030975 54.464812721928254 53.71215514854643 52.55404908045946 51.00842209606953 48.85843023729462 46.235729368723646 43.917830135491464 43.65855820961279 45.80977897146614 48.26911855716607 49.94036099266269 51.297689323619736 52.26554937911133 52.64956518726079 52.51499544646189 51.862559179549464 50.75805179663066 49.36465833689938 48.170917307282124 47.983815330955714 48.862006501192475 50.528768482734755 51.746687164348415 52.94908128611786 53.87340237501319 54.47415515584717 54.86981471589042 55.11210338281885 55.24062496964479 55.266217523724585 55.19761157357812 55.014228117173964 54.67377323281166 54.08423711255462 53.13269001418037 51.63655659574573 49.38690386092689 45.911459362866985 41.08979816232476 35.226045265617415 31.987196977490328 36.82800594688093 42.56138075170222
54.876874134174464 54.35923472052047 53.570634613149394 52.36661896727243 50.29896102740213 47.12650064532445 43.68064416440772 39.46138253162198 38.40579099676689 41.69789295366965 45.8122675847512 48.65858157719551 50.57023991852088 51.718111460332906 52.205677331062695 51.99396350874631 51.09413523434262 49.45001570552732 47.202922521736674 44.952733246059196 44.34252072552849 45.97677855102967 48.49337083171874 50.66478799679541 52.39153825472715 53.5247194867518 54.305358988457186 54.76484925308472 55.05428306383617 55.21494788876409 55.25650088582756 55.194873159890214 55.00801718828234 54.68267970283117 54.15155652016022 53.216035457892595 51.746841467562824 49.54941077688753 46.27403379218262 41.79684827425308 36.52721323197221 34.04432519188636 37.84391631016946 42.972684731491185
54.79368294930242 54.31207134400988 53.550153891077755 52.31149877403054 50.08304168848214 46.517639667785 40.97641230106542 35.59559719422772 33.38822878087556 38.71095057515255 44.021192175897355 47.619880846957734 50.027988395950594 51.46582201598274 52.01497246300858 51.70458663569244 50.60865760608956 48.59003596580878 45.57573973162522 41.93781225809416 40.291961918855826 43.49347412255642 47.09984103114763 50.0272226344766 51.966911680982136 53.303094178902974 54.171972846705835 54.70353656988277 55.03181454464367 55.19792672256482 55.256711355879574 55.202422988548804 55.056051304029175 54.81957989036426 54.2949546429694 53.481559925183184 52.23451909712095 50.40172429538022 47.8546621231372 44.682356096241755 41.4133110684023 40.07343461591283 41.9430239781728 45.24998837045746
54.74676846803563 54.21815910025394 53.36411244790238 52.002606723809286 49.82121947194765 46.25764373975716 41.6531450142891 36.71095646906128 35.58506825576826 39.580328380112256 44.214128825177724 47.830833269843744 50.29898434840348 51.55483507350858 52.13096538950107 51.77853654882379 50.7700295839669 48.71948885250878 45.67366399874465 42.08660396056878 40.44847222655857 43.43508241738468 47.08752091751508 49.94756179029387 51.96039306278619 53.29877187341971 54.16216251687236 54.70829947932041 55.03037458536024 55.20565501318385 55.27118647445139 55.24711087012293 55.149909928017465 54.9240534986158 54.49981821006823 53.84663475711206 52.82471685835125 51.49070588865823 49.76855002291667 47.75414260128399 46.008397149952756 45.21319208301113 46.07576660781599 47.96398392008043
54.78158149265929 54.231882862822076 53.44045056354965 52.124944944098175 50.23720913265133 47.60310572831963 44.43416375982826 41.74375346080221 41.61145184174348 43.18663028620344 46.241176811394936 49.01572413564418 50.982974942616515 52.08941106654528 52.50682189998519 52.21566001055558 51.34578510556219 49.75909574235047 47.59386764417411 45.415063960042 44.671037372379445 46.13887724982573 48.50810734674674 50.729103766861314 52.370839297192305 53.529457290799364 54.27399818334712 54.765289467985525 55.065930789166934 55.23276745980415 55.31226349359646 55.31393695114882 55.24962075638548 55.041043945690866 54.68721681768155 54.18239566103349 53.5273283810767 52.58803716154993 51.464682249650885 50.2937255620237 49.32832964707444 48.93356615222434 49.284523105968226 50.322530700402005
54.87362607190806 54.4058498713404 53.694811654831646 52.67682622039315 51.26706569077509 49.49180381010782 47.60711572901033 46.2943567379189 46.13875967344669 46.87854190488349 48.60370160949731 50.36573139393144 51.72983810546941 52.539739846081034 52.91297597161359 52.85000366812582 52.20820777084484 51.133322390248146 49.76859361699102 48.63253850759795 48.456237371706465 49.12753004512975 50.55696994505768 51.89789300579855 53.063009610256096 53.959628856237046 54.47608542673656 54.87930925445622 55.133936386628065 55.284596079344254 55.35529460758633 55.36258292034703 55.335695976974044 55.15774520535657 54.90285064434298 54.55189179672696 54.11856927995337 53.490107568136715 52.79670643079109 52.10747937448586 51.56517885410347 51.35403439231834 51.572982492633905 52.12154649034676
