data/DataRaster/netRadiationRaster.asc
NCOLS 187
NROWS 176
XLLCORNER 659300.0
YLLCORNER 5127800.0
CELLSIZE 500.0
NODATA_VALUE -9999
[rows 140 to 159 of 176, columns 132 to 175 of 187]
233.5939889764133 159.87398304320635 176.7801301701573 128.73696892670984 174.25932723734388 226.86854243728646 212.82839869915063 162.50529712697437 68.90324342261516 101.62124168634256 123.64646875210212 270.88126928499395 327.2812826462935 290.2794942112145 339.06172129600225 255.9154281509547 265.08211218690025 224.96069594544497 206.24230951711053 205.76027643302535 205.18114927097128 197.05928713163695 200.6300288225449 257.719833354887 266.2032431628714 242.36961921128824 278.3849358094171 300.4555604907989 353.04660215297 245.58205069278443 371.0554577174126 72.4552416834706 0.0 0.0 0.0 195.94436868648825 203.72331781470092 156.5505830035155 198.4228403656025 137.70939463084773 183.1244310880428 170.3982930913507 151.61644993848586 203.83902714301956
287.5691117793743 121.2908227112103 273.4859109712704 169.16207648400433 199.01558667463735 151.55102273615944 153.06593036927052 113.19017216772323 120.46140911122365 136.31576887955868 88.89995147367574 223.12900990375215 318.2399538708856 285.89361103297034 321.7003253682164 239.32723998309586 253.8719006651454 275.8932037626765 283.9687070287462 258.48212928381884 230.61819223069205 193.79689928818516 106.06812619397442 196.63301931445494 254.7261454421198 311.39060739363754 305.9756183711188 309.25189005473464 373.0804482643543 235.61344246698224 381.75462132784537 36.25280059956873 0.0 128.38515488545897 273.0174291214809 181.17408015089188 242.12288374326647 131.7491091523375 228.35442819554368 119.84264336797008 189.3175870117135 162.39684268208669 172.763061236346 197.87890954885654
340.919079588741 121.93956587866506 256.99133184937915 169.0282103592254 212.5500336869418 73.86381998614655 112.1864906253121 108.79864139560664 108.3026120163156 125.8250355836226 76.93783247830498 125.32925087808223 293.80221703649596 313.0442993072191 291.45571613345993 250.52693952759512 276.7331446671471 269.8195486604839 302.29801968680056 289.84083527988906 268.33487001793185 220.86674107204357 147.45809367398124 123.0122228678216 224.03683613674542 298.18133415165863 292.7734933966784 305.36072476268663 335.0053036648462 262.9139171950408 314.25492658161363 171.10762601471737 0.0 0.0 299.55931049447565 256.69434381080004 247.20965872235445 159.3885021192558 193.79354272212737 161.89661957080506 218.2468431795155 178.29936234304256 225.64452320216571 132.40012345650462
351.66882235557944 213.1644007272361 323.00167126385895 232.56650771771865 206.0081347475974 187.94575209577602 149.76158083508557 170.70741405631026 73.99052535752048 64.5134820665852 16.71853605265659 0.0 258.99675848149155 275.06582443160465 279.86831907191157 296.23736096893873 318.60752833965194 251.61594529911702 160.56880909262344 114.21965373730859 0.0 167.09829474017988 207.17416330088577 127.2269950850677 167.76484310907114 276.0252308585884 282.89782918355615 307.5365265378785 297.72817417382805 254.42466219759922 306.0402284069983 267.32784575525653 136.6482352249168 134.65860042171755 306.50432099082514 328.3477351172188 270.4049244112186 125.80539710318453 156.62955897962382 185.8191478564146 238.56720335968686 224.14462657601285 242.29021961569657 123.05648753058244
264.5319409861111 247.3942176716928 181.81817066838795 177.90975834724009 243.03288370406568 246.40722716168955 192.46483936830606 238.941185633484 204.72512956142128 65.56973232618714 54.69225251614682 80.32711552355761 237.8197899429353 249.56390667785666 193.8697171899165 266.10262051552377 345.80825663319155 354.5366953655737 352.9161691081924 250.8697081638826 101.85159747340487 68.50513120578921 163.38500781934226 201.93439947885906 190.7712463983417 223.32855597756168 298.12114802660653 291.3859698773674 279.04858693836746 266.3250188083344 293.02106187376717 254.49735014482894 126.57590282876066 141.7021585189346 298.60610375299166 321.14956930688174 294.07719223496935 154.258652706852 162.50711176878042 212.3026279976183 258.95727993146016 269.5687171701551 173.4807625058122 176.0854181807993
176.1395345685899 214.82415687668328 44.4727471078844 108.60070332248722 277.42922127563867 179.57786104868097 190.1360792051238 265.01009652732847 192.9536729667696 122.38992494558107 80.51000367311406 176.25205398892655 279.9662666697696 265.3795984389717 149.55070617642554 114.03587797553945 287.5526606218322 308.6381483860956 257.4481233246313 262.7441724080664 72.88602388875506 34.38826337137482 70.34351879702285 221.79635186630907 225.8411936308999 213.0082603354453 303.17263883503085 281.47057131221675 283.4741556219791 278.5844644595631 280.74577408912324 231.6976327395892 201.6214155490503 125.57361744034137 282.82390335967284 278.7220492723962 266.6431506262117 225.8237788067642 143.11206307311767 221.201031440507 261.32538910755324 298.4564799364071 178.6954741272212 192.9559488950582
240.31964768219575 181.7846911880489 116.72986508276756 33.044074303787 223.67823708340444 206.43755133665167 251.07405399141425 240.3145484971256 92.11622107860376 166.00891506031707 139.79411983700328 290.91269059608885 309.5880479746043 333.69303205493867 256.34515655691223 29.916493331964432 0.0 353.5256236332909 317.6012965007214 245.676365026976 47.70904527901462 15.238364648023321 98.60401850801316 214.6193035410693 179.96831958260316 186.23607138080916 254.70512337638212 288.7219371247094 286.62730801869463 291.3644287695787 220.09754149661347 217.37269997071138 336.271264591363 108.30138280529985 196.34688349670552 262.13561356082073 264.6408284668601 246.64618435111225 139.51902110390404 222.39474195901806 290.0550783852717 264.9484482293407 213.45070689084758 227.55166845012263
272.9598543969255 171.11570966782347 217.70799594390962 111.26369169254883 95.19996804033434 218.53579419851366 285.7975300138266 194.88011919777347 77.33738097255923 166.77906434769415 260.4069006690354 282.12036718763613 278.66676851792784 260.8558089074594 310.82994409433525 35.39865007693527 0.0 283.8278901926759 358.12454464557453 147.5702758549457 26.235719994563794 5.935256211768092 160.30564172043853 259.018952145586 157.77350825589542 132.4526826688346 149.0475319480845 258.3492418531911 275.3644173649195 300.1211126523955 176.18807804176322 250.20830682061222 356.0382452804162 182.78197787084935 141.72566503658965 225.361219787374 247.0501121294139 273.22884608484657 183.03285606219333 223.7635968275382 355.4012879749156 298.7005502999873 255.758885914374 212.95226268897943
297.8673589121028 213.34715169744783 167.6212102601566 206.68041533088842 94.77125473913424 161.9322159013845 261.8473937817242 180.07882793103784 151.50568879242172 244.7623272266207 289.5124768432806 300.17405597358123 296.2465585103705 306.5537550561022 329.3145561460424 194.36529888788442 202.24045827916797 266.2704021309528 298.56379500097967 16.80198751385302 19.66303128977472 26.35876715974007 159.24188948392379 277.9072647202904 199.52019718788978 130.21070520888696 148.64020392927176 182.46565966176075 237.96353249750877 296.90144912953247 203.31631753468412 249.4146072156122 339.23357039515895 288.89820426393 144.29669842088646 123.40479988093375 155.40279518726373 239.36324400631338 238.60172599334663 236.01999229093593 350.4413753388831 356.8492926006621 306.4126292249636 152.64537130569602
282.9680458078049 271.2638154077308 161.1079022451633 192.492883277391 145.78018238792947 90.18897788159205 164.6199707168871 175.03844455160424 253.8712494407406 257.3472755329744 213.30385315528986 345.955227564012 298.2625390532226 244.83519702015758 282.5301899698148 278.5547541882453 139.81424772723818 0.0 0.0 0.0 0.0 0.0 142.89300995455983 224.754786992527 194.29583240586504 145.05481965251545 164.569982801173 144.04869152160728 176.29566290077315 280.66469719038975 258.02845809286043 228.95568915574728 321.8736646577059 320.7054948941394 305.02432127992137 164.49701401204015 40.49325025300533 0.0 214.65611267048365 322.082566609291 304.3825381193286 361.27125360427107 288.5548017567558 125.27164408097599
275.1257498060851 261.9387928986532 235.9513711035745 132.76849750291507 140.48801238311052 58.1501976120137 104.39163218673002 240.39389055940075 272.90305364578467 261.6911188087273 133.76804246877413 238.99859677265914 329.89270371751854 247.8926596247423 295.67702038941115 347.39734903918236 368.62118272511157 279.6553803642171 97.89213338443301 150.92919245567566 0.0 0.0 0.0 231.54797999889706 152.77573569932764 166.93092251043566 149.76699088930286 119.23260942866767 143.008893794892 208.94189576783128 235.56422435220355 270.02304670808496 288.7755406648239 323.9041512597207 350.4419254847194 278.41317720037387 59.91886082093748 25.15449606461209 136.34512620250973 352.25682633902966 327.0148669190563 295.53723359826944 243.55586388143524 133.81079499645722
292.3825176299002 241.4336478382541 313.74584563566026 227.06610982645702 116.09864007591818 45.57152721615353 119.63305085468505 303.4446580058443 307.4151820876605 321.64732354250214 246.0031260312831 196.91618506276063 169.7880161921762 297.78764504168555 276.7511958186654 244.14828254782708 378.6958978995758 140.50395493608374 98.79551660148161 333.998522474288 21.40627089479142 0.0 0.0 254.12745215800567 230.42419141767607 132.03107917535777 150.56172090271878 161.03884537630523 142.87059494623696 83.27120723944108 138.64311084190467 246.13506525807094 278.6446781299438 336.04121102131586 318.1007539813998 271.54705803854563 124.48115674298526 133.70833770406455 42.53191751714024 303.3395578978893 343.6926085194514 239.88325538533167 201.64652315918363 202.00435747776152
241.89261686154623 217.53856212615528 288.4099696061008 277.72454543739275 156.07480315206652 57.371775694283485 170.44878612825357 327.50462575373786 320.15776743524236 356.57262154276634 281.3332085713154 143.07481014281706 131.9702360774998 350.6225690516601 172.7759356241628 132.51167456021147 380.56954781202666 29.265852470841878 170.0588099314764 286.56409399901867 86.36652686076218 45.11799890895935 67.05851067221658 181.16709500081987 299.41401173333884 209.20882548925596 125.90454923073673 199.97490208521702 164.58038864894922 50.84496587224646 88.43993844059025 167.25175473086 286.6509323137338 332.20033127124526 266.83003416381865 199.71162728525474 197.32725620875237 258.11341634568896 50.78400978962276 249.00150018114914 300.26226810114446 253.2810879595297 265.2086191771215 255.91304285221128
210.00676095824724 226.92788725970257 260.34273552356404 321.1536488688111 209.84820272841694 71.296970235191 242.74549951213606 320.6182229054858 329.5269230167544 356.63726476471646 343.3686416246031 53.20795033592077 143.9899133474505 360.2876662131157 19.874525081384547 201.30412869780184 373.1772899778536 124.58207627006846 212.29331782523064 313.0826842847488 62.32610871732675 62.315003517564094 106.90578466753658 0.0 0.0 283.09486072223507 165.70337152351863 172.81075093477403 119.18958305847804 99.32309893134618 88.63488809011722 136.168908240365 258.82327636530096 320.9526060103783 261.71971371107264 176.70660632767976 211.32169096898565 240.7802824405112 88.6105961781011 284.4912121746846 244.45087056818892 218.3454557956672 267.19690995962884 196.35300247922265
182.4138929369443 164.92412372121845 143.54689029689968 256.70283344683435 268.1829610330843 78.03285243334994 302.3532648729252 318.00531220281437 336.0483720814666 349.31292447116624 282.9125804611254 58.33628526632202 136.2973290574953 273.11644052185846 113.03703114026968 182.77381237107642 333.680545355137 257.61155945152757 315.64742065227244 366.18624058188885 86.49593621531073 45.828600085381424 158.97481707618323 0.0 0.0 313.9101050885316 240.12418870103284 179.05969683613046 83.68142599667226 166.85967436990984 93.42163306880911 115.93768145575734 219.75455094062465 266.67827159464446 265.6628585370725 243.222090264597 205.87488455638248 238.10919794827169 135.41302672262123 300.3442701256383 298.18320052578594 334.48045862294686 327.5415783881162 200.12289003532152
173.83910365336408 179.0429935796085 94.64285100894386 89.97007276994344 185.0472276192491 161.78730904127468 308.3036241679332 327.6605203130254 356.5271687638801 377.0867899814251 217.21572863376565 103.41017370406894 122.09020643474992 112.21187103250588 272.93970359048603 100.66185169763946 262.3126214229963 367.6413204707338 375.702503520765 356.0295832829846 76.24868175681263 78.1278621605544 70.48327192413274 23.88715243589371 297.5406683677538 270.40566127284745 221.63408955913843 174.45162486850376 171.0997757202344 204.89859826365773 98.41413892896128 197.6933600438673 218.25110752431328 157.94638365628458 165.28324185666736 209.11488659130458 238.41279891405645 231.04718214784765 204.7332722195133 248.29591725070037 293.92757669351244 359.8757936681329 275.97260092567296 192.1236890545136
135.53884653737634 98.10412607316903 108.1860126090906 105.60729419989826 31.38614665004053 210.78453571595742 298.5533181516159 338.2082649488427 346.63174356956745 373.2411424243985 271.2858307997773 141.94828279630957 93.51287161549698 71.56879717897397 181.93844395294622 133.40241939435572 296.1443301261596 352.4433603268822 362.28850130675903 331.41992605079116 0.0 0.0 46.965544165708025 10.876543125577768 225.32310475541232 225.01080176145496 229.5537776610705 183.16108663041734 218.06843043738837 216.68342707755613 156.19974576574174 246.60603786478725 273.2173854513862 162.82110012508412 133.71755898540988 177.38604838380314 230.4362460166484 202.95054764086677 241.808850887353 208.6031753362135 215.42258219938253 318.81229507213993 211.06099090052044 231.66072384767472
116.46324844993154 54.12192729954694 92.31662715167403 148.08382050476723 58.300069934829025 180.91586999373044 275.0753148218454 328.4204515172907 354.67630832243566 368.7912886882399 219.61888223089528 165.4110176734864 101.52431419383015 63.16951285612623 22.724956092391665 293.7161014209857 296.973083886818 332.13002238645726 323.73693737637734 343.64048568506337 0.0 0.0 77.36492513703155 0.0 0.0 176.94531990093623 189.31214921838347 209.3085898128989 196.28730567647847 212.57112942087076 174.9480391845446 226.97685409708964 271.26355019479183 129.00074308219513 176.54603354513227 176.77199312022844 240.0399488499399 209.69192397983022 187.10341567610556 177.72941466043153 124.10310675054524 222.24824143892533 232.3108808545329 189.14766712159064
65.17969128751832 39.102429215000484 78.65596921470359 144.3919894537488 88.43142159424218 103.0044060239681 220.706612537757 296.9012016942207 358.7356760649858 370.862197224492 207.92750261485452 184.47876474531176 119.4449432137518 0.0 32.157080599342976 349.3155219927577 287.4289950063137 373.9504105810435 369.50205657859414 244.80863646614517 76.232501927427 146.21501078772468 46.959379630977764 6.166358011319346 112.42858428484016 165.4186845155342 135.01328126847739 224.00615431468674 218.97188831105456 185.14413567313562 191.6502888426037 209.39554666669994 196.37136426414662 126.78572991737502 242.0010086884651 108.67825301028768 292.0134724809919 264.5904893300567 200.31593683357073 147.11113953732774 107.11985556156537 220.2823468367838 145.90407295681462 84.20294436902748
33.580076406508624 55.785919743487284 0.0 0.0 89.1050949811621 166.18725046336397 96.24087029298158 210.68865231371763 348.13155695667905 334.7879211013064 336.9862885114258 169.0604412134404 63.868900988774726 3.3060177865974083 0.0 356.00480396422296 331.64387313974333 354.31067969632204 293.9436319778963 310.50555047052717 253.02182591799362 91.30739570179816 19.693597851333266 0.0 0.0 162.98434832999635 178.46774638583872 195.9585388071186 250.22963631880197 144.27633459430558 175.51918696249254 170.4388051150857 163.0233465913513 171.36479816667605 256.8530896213385 99.2933669395365 330.2780496194871 286.44871061185853 189.6271433532711 93.30697276080173 0.0 0.0 195.2507605036397 51.196070888142515
