data/DataRaster/netRadiationRaster.asc
NCOLS 187
NROWS 176
XLLCORNER 659300.0
YLLCORNER 5127800.0
CELLSIZE 500.0
NODATA_VALUE -9999
[rows 120 to 139 of 176, columns 44 to 87 of 187]
319.4579967456238 294.89933164551445 290.05341997137236 221.62713962439938 218.58804978959301 248.76425576274386 193.95732620605133 270.8001317540633 247.4242544252471 238.27032123521604 231.4380964087194 140.33631179861356 202.74157241964735 206.39468390470125 134.82351066509483 150.39624524355423 152.62646468217417 104.07381980272368 264.35403209945946 296.18144511829627 264.547784370664 288.9753353651376 268.331671595212 235.22316159143344 229.49400678474723 260.27360878913305 254.6887124489861 298.6081841408611 291.5018061361629 100.9377116523728 311.5193849007751 175.13676068408722 0.0 79.62569985636685 168.2463754381855 360.7998826979001 265.3470505934687 278.03764703248106 272.19615583333734 259.27684587530547 272.02077247246353 207.4385801805753 172.56581614217896 193.75854350613537
296.6405098966999 304.41065504759166 329.4067010920729 197.1187853038386 161.87192156329166 235.29093175518386 259.8157492830779 258.3130788185073 221.01956190196842 217.0823125327227 229.38007731476597 155.75354620748635 178.05386332438894 245.0264133365921 120.34550409446979 102.2156868725358 139.40187231869862 184.15917225930878 270.3998886047799 251.24559305121335 198.28075577063055 272.2105197235333 277.1216483235225 250.6274041350503 252.39091819505626 295.3084387587055 289.7516159684668 311.5393609904595 348.368147887252 178.9060204380973 209.5110985506231 334.7156340597316 0.0 0.0 74.9432845404491 0.0 278.85549084367466 264.3191691963957 282.75705827811674 251.37812317261387 302.4174278171891 217.59256179614175 169.1772040898636 222.5762523557193
231.74972296119665 257.9290762628641 267.01294610189086 151.34864438210343 176.73660527753134 265.20679860626495 298.5003198315137 276.815955407638 198.3436545800019 135.2590291920593 210.78215040738155 193.90413513407583 161.80676685823994 220.36376242496772 111.5813224016265 130.7114028151683 170.89139622297347 279.0475680097574 314.5623852298188 304.00262613125074 207.62947601221958 258.3147077121594 270.4801318145518 256.5741901869721 279.2268751476313 299.898921427619 313.2005140486962 358.08693133355484 378.3848554974065 266.12075200999664 187.59020742527855 289.88802502822926 81.78657170334884 82.85573912100426 78.64760697918433 111.5559495177933 203.56367089163228 270.1830135793414 287.3919371871507 239.40996049207473 293.72168075576496 232.7963177654505 203.6044988569647 162.86565437824152
263.2640543542112 266.42139474299853 160.93842020821296 138.8941406722825 246.36620265143057 285.5800396469421 275.15997154748186 247.99437061491466 171.73276164121904 123.8265786669213 190.64246426662794 214.09122149747043 177.57532611713742 167.14292419774284 72.53865010053704 180.55922461659088 213.34257698415576 231.2202318485003 263.336719407041 258.79467009347985 262.0761122665502 239.58919239005945 294.39150050540985 251.4933248051231 282.65191344917116 306.1105309242091 315.09490830185814 329.30047736053814 370.80993009023246 317.02769436674174 269.10091720270344 270.0514160999987 173.25589276663237 201.39015808568848 136.36133668962066 104.29806695877835 100.6290009099448 212.0363344902895 264.7377571912839 264.7139825355657 267.13918107829954 272.68150893381227 140.1822042643792 129.27551800478722
247.4545571973302 218.85103496699895 182.64938177592285 184.8931519361363 292.07682260432017 288.3789476935045 279.1286503928468 173.68935860045104 179.71955278595715 203.0263187676582 169.54955976998326 209.34855376849782 164.77572528100336 143.20173899425544 166.7068926716779 240.09768198403236 218.84249447382132 205.70197791923766 195.24598633299837 151.1920674756068 228.03014215244588 192.7765782918001 259.8036496028406 273.2214296882378 283.3682126958977 299.31101995775987 327.27004990442066 357.2853424610614 378.1791156109405 325.3636349557323 242.8256601771909 276.89748102774774 212.70010890825182 273.66021659555696 266.8287115447639 155.2435559770995 135.1583036348989 117.09262570091778 125.2025901834889 206.45132701340032 210.11268470434277 251.13050042298386 110.35985090446354 125.80345055742879
211.53153206198903 231.1812112343917 237.74584123714322 279.3500398729953 262.04336120940366 254.41595659819683 212.7185229183358 208.51620843896688 180.70171324214886 260.56876697265386 189.0884975751605 170.34218671686762 128.0628179303522 193.87360662934128 265.8099741972408 264.80402054480163 249.37768436091164 208.85366874515705 227.41806320189727 185.6691292587434 196.62929423991562 206.8380565601476 206.86810741813446 259.0118023770913 286.4597385401069 305.8923866195609 306.4912924402339 330.479309877283 343.398898397757 294.29186878914885 259.08683326883227 292.0643666661097 274.44416085600676 287.71216255980505 254.09352225836625 204.32035681562246 329.05782856084335 278.2202673212709 158.2169385291877 266.72624405827617 277.6641212987998 199.65957623945695 137.68705689332165 188.23056316380587
232.44236996666797 239.7225694450065 252.83300982713382 275.5005223892661 236.94193932940522 213.66168524231585 192.64344314081222 285.9999866098687 197.9609518675843 168.12580571200806 258.83641545081593 117.75977823951825 201.3729665253028 249.6873422192116 268.63972956909055 286.40348021321284 275.4852189518152 257.2285947480918 258.37470726976466 223.69377384338276 227.27733073656958 188.09526578407343 212.8745088911873 220.1251572542547 221.50279119066374 285.41347805238155 309.20966317238947 297.5983690751856 246.49235416267783 211.79517314294003 200.83947976589707 328.8854624070405 160.88248291243423 288.9622085879957 254.19782251140623 138.04872514822688 334.31752814324653 327.6070385017409 99.74035123609576 323.04472524517337 317.9593910573639 232.68615888430782 100.7267559061749 93.01827617976767
215.47690614727298 236.9925775860723 219.51428239654712 226.90125142292828 239.0484225199935 233.6231977172468 190.7149559626177 268.8830368235586 261.1877776291764 99.88414514929201 272.34789935636184 178.9737872859593 252.69070855539508 187.57900330609783 222.46010391451375 258.9110706075604 258.6077597873857 296.97920701622337 269.89777826737355 275.16510692136416 263.3911549607627 185.94130467810203 220.3339942856395 251.47188475737227 180.10046648779462 222.18434011208228 360.8357684917516 316.0230064172363 217.65995680144306 294.95014629892665 71.62722688577679 338.41500316304445 62.911801359504295 253.415419800736 252.5917157039159 163.3319925895251 286.16041952351424 286.79104106768045 192.3338587022581 374.429253493253 302.57409868690957 281.1005554104805 260.42489310800715 0.0
176.11898485858615 212.1911771261399 158.77561216785728 134.99454704966695 150.27764592875707 260.24508445520786 145.9425407529551 127.40247744568364 202.7927660245565 188.79784167625775 190.61138476135454 201.79234626524834 257.0625978080313 162.26845380375892 125.77869595130699 186.77614800368508 177.6449746647612 253.74746640898587 303.09820772259496 298.92321590020254 281.8380483937226 254.55228153649216 279.3997967508303 281.6884345816447 169.03370756672007 153.67807212823266 331.6584785814609 354.93131183966904 110.39039432295311 274.5883471709602 76.52228067809693 260.9773157197531 210.03178970738492 239.71967634639253 263.8356332652313 174.23488275495856 212.49574025384396 210.0933474651771 279.59056838357736 375.1413150901969 271.2145659453925 244.15763851824232 386.2822497801319 12.275122399846964
115.15321472989382 132.49614415283753 189.25201517465138 112.23443791467719 71.76940100857877 305.4979983508342 243.9986400449456 149.7971279952784 110.38240769847863 153.6628939941226 170.13824831471732 157.99219648391625 172.96554092940414 231.04795023622216 181.21278507371068 227.25846659156662 144.3875514836571 125.39118700842408 258.04893159558713 304.9078197986199 262.6393115294862 255.7700481278407 321.7198345179848 347.77314814778134 296.6857748071122 169.15333945659017 257.8897772018564 230.7452199294974 144.20609319307857 177.55115397249438 187.34947890198993 302.9434854231852 233.96392798443856 242.73121830436116 308.07588456499496 215.59441759636252 213.03765583584772 204.27773348887678 272.09916572848414 323.5780255390511 185.80356333662218 138.63328837097077 383.321011250512 210.33174362404174
226.89840572905155 102.12269223767856 200.6802176954992 87.74720546937596 70.14999349837876 178.17401022248998 295.97756125413787 264.4399638527407 199.84113347842492 143.4850602610831 168.07294086884082 116.5580917185585 121.58398853738328 133.8677288939752 209.14591514902116 226.0735621086837 201.59357644764543 110.46392950465952 106.33482210025784 280.4043744647585 263.9466077085578 287.927663811503 280.0459298501679 317.37034119866723 306.7019576431001 222.6206751892381 250.31272415153666 145.1232955615164 162.33921300066254 177.38399716555995 277.3891998805856 319.15039040856925 283.89696563223 277.88448792627514 323.4398227590367 288.5782848387868 296.2109449897274 303.1284680151554 243.59267288309502 241.2793339432909 302.6698487565681 185.40607435843106 319.74448097002545 68.82858036264076
268.0826588747361 174.19327668955992 222.6870208786495 72.5985223566538 97.29308117547737 78.32755666655322 299.6707740113197 317.1844974869928 302.6674166182406 235.64925092862813 191.63902402284077 171.61968902346808 153.25701422921088 109.828621039947 155.0170061254771 217.15249265265282 236.93327588592928 93.80944586619614 145.16163605133602 184.31331165991287 244.43802349495695 318.7138268459092 268.4959246090572 266.3288860070488 284.74477026423034 290.29711480404666 245.2847200683102 177.50461098428406 171.11240165340593 247.52215962859987 285.9598386563681 267.20377373007517 299.7027968242296 253.55576973714722 304.0946561791073 295.8486337271719 329.7056215416501 346.75512179924874 342.3725417844437 267.54165340521905 259.83194721384655 263.98271409907863 375.97633814412336 148.13992939468346
170.40386156335506 237.41738416878195 219.79790147884768 70.89289825238637 70.4499317161335 84.1493468459966 275.1881430815447 329.50318363827523 327.07004298662997 291.3200127992307 226.5433263079077 207.6215288693836 196.17647748752728 159.66450201678873 171.666953426267 190.92790333379855 215.6840985784345 74.13104623281276 157.7323441768471 147.47799346838235 188.57925169836244 228.36900616303177 247.82298832602834 278.9428834141061 275.97723099528616 294.8309806838351 217.09586680364868 188.35898405166296 232.81925283580034 254.14845471999564 213.12640647892067 254.42005190027646 286.107922197019 257.825120114417 281.1486790206739 292.1235535571716 293.3208594452428 301.5095621816651 344.81670607526775 367.7615739680377 229.60532342427422 295.2278079508394 357.09433331684073 189.08142842577217
175.92301097585948 259.5180109138722 158.15184838294925 23.878214870767295 120.05954306947467 87.32936012942554 156.95356593342774 316.6424329481327 323.7092871798032 307.5465879905416 256.13928881794874 237.05737543142754 241.63905525184128 178.66883826126258 224.42424698489378 180.00515636990139 206.37606286977626 163.78513988480063 120.84468525995237 181.99215566903644 197.67727249384177 95.37431711238264 178.32840251297353 235.23683590182787 250.28958418534768 245.80604773367833 246.43956809706953 249.19044021646937 264.5921664657482 230.1650758822219 156.44540464742028 130.926951295795 144.4920808145327 255.69872099193208 254.11409278741195 332.976384609865 317.6022188236693 288.500151510037 280.2391161302402 287.4407216471426 125.54146530100269 344.19532078843906 348.31424930382207 169.07421737284938
262.80789162394893 286.457145997561 102.76319286479054 43.92902703867895 184.47052351712045 41.33699487129985 14.18663698548147 227.34539502931875 306.0182669966012 300.3263252433983 253.83029069624615 298.79152251538943 276.41540765216047 230.09357996829362 223.78192664827372 177.30220121468176 224.83122824090054 205.5344759861452 140.35637179779872 162.61899648356837 212.80792613008043 61.1193735818336 116.42418113582545 216.9321073209657 171.7495837919908 212.95070302985738 203.39895058355205 257.01291725446083 284.1486786965173 256.177585920236 274.3707006396378 183.91624093598705 169.80479554339058 202.14785484507757 177.42752411363335 290.8095921972525 324.7979993007633 348.8209404608104 347.6740291150867 262.7691562530188 0.0 335.019525433807 326.5155276682597 223.46318764751152
322.26298971150254 304.1942404974295 118.92648844417408 167.80094304813548 196.86695071904245 25.429049731321925 39.70509167903657 86.19339555482873 172.01193552697856 271.5102592740759 268.1805593829291 299.01538833795325 296.1559778378459 295.86918766615617 265.7283111297497 201.72719397866962 226.45595984833193 206.12981370191898 240.36641243536087 235.61316053595743 234.04699056438437 102.95384239892047 61.75405891635171 204.40951001438032 88.38693198801894 259.0267670320063 238.98275158656116 207.22562374156882 271.92408385995986 211.04644675499765 287.1721595164344 244.7128986652508 237.43140163573224 240.5670154039114 224.55377529566914 235.15067574240913 295.00893001859265 334.48811101796167 387.17212779057235 242.3269961504041 13.380877478416892 0.0 355.34337706147465 314.0431273841267
330.13425838473466 345.13126975151414 153.7217146921821 287.0731682132781 190.20305657871404 58.20790480088999 79.71826915669538 78.4985217829099 85.43587247539307 182.63157845412144 204.26144674944135 203.64747089212796 289.9169447636408 313.98074702815506 303.51955856481595 261.41429675739766 260.6680760451948 194.99602950369643 241.83553542837916 287.97698229392944 270.6703332521535 228.63010431830133 112.57525777501229 174.6868809621692 39.18013283225599 235.96084347328707 320.9551709143306 228.4983149498109 220.34780926018436 226.71000921772196 265.25549786735365 250.34690590919638 225.178664739692 263.0148432276438 273.9909893914812 261.74778722648426 269.6203657510438 315.39080525788637 362.16708501308955 218.7919174859283 104.9372598253808 142.05934822908392 295.7535223981933 260.8114521019249
342.97090541042104 352.42575996056775 189.9852414406816 282.68831432941806 201.3938675893777 129.27613943407403 122.3515875107476 151.91275169352195 115.55868556888811 195.85582431144815 137.34841710073806 79.56241442164759 192.6468632245547 262.3697155129552 296.3216330422454 287.4802187422338 276.40319253535364 249.62238339216782 240.8015994494894 274.96812617028866 287.64855125135574 284.44014247009966 243.94530336607164 236.7579803515328 91.22106410468263 136.34172090710018 292.49660731831176 199.11428833634318 222.84074343327933 270.87717883698895 244.44106362385548 230.43478033072734 265.4481238063877 269.1092671170123 288.0871702783908 296.3581137825097 280.29945838943223 298.8174366355037 325.1987937913241 89.08303592724565 98.95834288719283 154.4393238945247 166.67889439280486 201.3982309588825
339.3524336754826 350.3199895334723 263.852756792328 236.03759468831225 203.02691152876326 144.04979416200604 157.42558783622968 192.55084413346373 188.75809053850412 273.57626713652166 141.19514012741547 117.09509306547682 94.23001875514058 97.65153956212288 221.7102723032021 294.1529072028082 269.51781514040823 317.33174052330133 268.66559282317746 239.039184410364 265.76757368455446 289.77252883865617 250.19968389627724 265.5022252854417 249.46166187695388 113.2883592691677 202.08070800463742 174.70357995689005 254.56464343106074 257.05584779856486 216.53444834271636 260.4884477886197 295.61163869885996 249.4842311054739 301.44945765088005 287.7974292443435 295.4751393999479 345.1781567819152 388.8023159362625 100.78790004566241 42.419770274043856 129.81642353676904 155.33374750279438 145.0309926826169
327.694532392827 333.88790900318287 292.7434578298496 223.18724391415532 192.49052241876666 157.752443835988 249.14640695513492 93.07831993178962 248.54226903667893 254.31694429486475 186.0208998275089 226.0627287977544 105.3668404592932 58.580288293083186 107.81031446264603 213.5091263350123 287.27612128284375 314.1281700472321 323.7105299259824 252.56515809778637 196.7169571158189 259.6141010430299 227.8416512469779 212.73245463511319 287.4412304878095 204.31936564040063 151.13258692498857 173.85339250026647 259.46467208816097 266.01347397040917 253.28846710425984 240.6812422217019 266.03997463698465 244.68130894411922 315.4277885477808 263.3630674835643 287.27480486289716 347.41868029770654 386.03192750932243 169.52062726159193 134.0023141782276 136.26703637854422 93.2172728158476 122.66716743786884
