data/DataRaster/netRadiationRaster.asc
NCOLS 187
NROWS 176
XLLCORNER 659300.0
YLLCORNER 5127800.0
CELLSIZE 500.0
NODATA_VALUE -9999
[rows 40 to 59 of 176, columns 44 to 87 of 187]
228.31259039599365 208.36639359983081 218.40514250896456 218.4301548194927 223.65992312327955 220.2207646129031 213.57828327592892 206.7142628260217 224.82501549084827 227.75803895104235 271.79422748494204 308.6669298882384 321.3348903486553 213.43003040311896 174.92545927036713 303.5854864822274 274.35940920818683 295.38599746709906 319.88777242148086 342.6530526741592 345.7331753135852 165.80085215167594 59.24487927710601 159.4835040185755 364.1642612143341 365.3240797177814 291.68039963887236 278.099822458482 271.2261496967986 223.29917296368848 306.45177001784333 340.6136593451057 128.99883228269823 154.10739627417445 40.6815738947688 123.84252508039043 223.72450003910086 362.5015541280382 328.9862999751087 348.5576506605715 367.9329245639845 95.4016663001309 314.7184142773432 128.91750072834583
205.47092160998545 200.83690615855602 209.61370766985357 207.9172271887034 226.6965109182833 189.90381888763363 170.47731345233973 105.56242400319263 197.14709584590702 225.94996033465645 227.12030129662963 251.06462524118837 296.834047192841 217.01420216284595 231.82329374936785 288.4491157248667 310.0025514372372 313.1480844317216 321.9029580398222 333.3947788507312 296.70163885933846 276.25857494571335 48.56341546840952 224.27839558583605 366.7995043040883 370.2968184840365 154.98678715382954 304.56999927761444 253.54754413262492 343.0903089660852 308.01152396322584 353.32882177787906 113.5952646030068 123.46554512172537 99.34150733297236 142.75302861932954 105.56961332764263 347.8821167803902 371.6000812462395 305.2385278179866 337.4490202490826 43.15667230037394 237.5020173015647 315.50393567696693
167.88472989270696 181.5007970446369 141.48630911397782 201.35056990195744 272.5140093144011 177.2951822362939 185.1921031456743 82.75352200115003 85.80136185720585 174.9812837089383 220.04604833566015 227.81227119539716 229.68545803418078 229.7750761814484 235.98283050822226 261.35024011907007 286.6561979493328 279.6052689110601 321.3630564513496 306.0062624162425 314.24460823965353 336.1642800500442 17.2208597166736 312.67278508761405 351.5598889058478 300.87264750618147 212.22005448530564 276.8923121056303 301.9130976782134 376.35652966576765 334.6696272216463 335.69785449213646 119.02387142575839 109.5165980105482 175.8335700912748 75.49284147527146 40.40255270728892 365.1133916136151 371.8500027828136 348.11519211172146 330.14112085588937 19.823482741507746 122.68046634182338 374.4728896683382
176.07871447195015 220.7181836893128 71.91191783789276 232.81760404726697 338.35927124348 280.4275006600786 146.49496378021865 84.63871299823688 82.90314571406088 166.85120197633705 142.7696229265838 164.93349435233802 220.79741459524467 222.62726100158056 221.0790631813153 228.66961449332734 234.94468001527565 263.6582592960077 308.44054191244345 304.51265170878264 325.9973416739737 310.710760156412 48.776878777188244 345.1166415114099 353.8751606305315 149.46483980397255 281.4730424226347 305.8886138964704 338.29191239361967 325.7322609949139 355.0749106637878 270.41055081243076 175.0456754783919 141.47773188368137 93.14658390334273 48.780552380209315 160.3463613932404 373.30670587426636 343.3230378596464 295.49237031772657 202.57437556519415 8.776458078939868 79.29287016566889 360.1158275530002
131.63868986471272 133.70950401988802 49.48285310346898 275.49153088585786 316.65204067457427 335.62870177437406 239.58927724476757 89.87134546267066 98.5432658980306 172.7758809878511 107.55852809297761 116.63609678206689 176.17881709978457 179.69746723915733 177.84078012251808 210.81582134039797 222.4603377294473 237.56767465794917 253.84676041382727 322.36443930125625 296.4335855007477 291.3800279249321 118.26264627807024 327.0281677668927 312.463179183703 160.79446636931397 328.6830175795679 350.1630762156088 360.42371349393954 335.74979097369044 337.9408742064585 209.75016529093062 225.27317379941218 153.81526469635776 7.807463573995619 32.736026575214055 257.5836682265276 380.12698600895595 375.85774986579526 379.2134442194172 150.66213432000495 78.71776630749787 71.46200971172192 353.73610511491114
146.37608178832335 70.9225679201553 167.79447694579284 297.8754829661923 293.9355855279921 305.3967800234079 288.46649972388116 121.09243692965129 159.95297518458977 107.60640784136604 128.50812354706233 128.1018288450823 133.2760869796968 220.24121939918 81.85877375696373 133.5778946401893 149.02808833257552 173.30896012192375 190.8796201756635 297.22045569801423 272.59253204185205 254.27876139281386 219.79334968044634 280.73908758137316 284.0073370128185 288.2817272201096 336.46972258020327 337.14594174884246 355.8881022514923 349.074316656456 327.87501697038346 222.04338106887946 177.68477836705915 212.63929646171715 20.442311920990676 26.10435483823045 251.749588771738 373.03162789276604 368.4312739920366 372.6967570305871 154.74672047449565 111.62829615133307 109.90342182998029 351.5592418555884
123.7111663136302 193.28761611213145 228.50290588619197 278.17756582321323 287.40686215444043 236.3351343092139 340.43194926553025 224.58349535265705 141.72653486481204 103.13220632601536 167.39036804936194 134.88978496869174 82.31688826514852 281.60002415843053 126.33888683653782 114.75789544652883 136.89021710469297 87.88482128802099 194.51709575015167 236.720974364563 254.43810164844962 254.79611585513362 299.7680829358013 227.49939147361243 192.03992687127771 244.96542333540827 342.414964694498 316.4765247542089 346.95290710974433 309.98179075191604 333.68177988823317 322.43249776562607 76.78136374382524 210.69046459372237 73.83492416800317 80.63570634014542 218.8475412963902 351.0466481913993 369.0296864463117 342.1245335213459 216.4616796918902 106.47535637669563 226.03596927589325 349.71334755652805
185.125356075551 258.606736241766 206.0855602013803 152.48945194683193 358.89364006158667 263.3141991411683 229.1479578470819 355.70033254201553 97.48986266913704 120.42756606531418 214.35259633987522 144.25295243239924 111.0358492149411 240.197171970773 170.1992287537484 89.46158763906828 116.76143411607325 88.27178293108068 166.56209139516767 152.93269556072522 224.83212963886433 271.27329838827046 341.13910719787253 329.28025502788887 265.21075819882094 101.72972088381744 0.0 266.8320666043325 325.47358613810405 313.695825453695 325.7217318283761 313.13025362805735 140.03223602340324 183.59871250776035 110.70446812095184 108.38026511991387 200.75294983925772 312.3110489755358 334.5973558142417 296.2433674441719 276.901458184116 144.92368810917947 329.1984846090296 331.5531416688172
174.09270432287605 340.5503618682931 264.03278728248006 0.0 306.241330940242 368.56398614516223 162.73515398537688 354.5821198292712 238.16908028746127 92.38040534394344 208.44625809354363 189.94081126273068 119.91825068958485 193.6547077653596 141.06343041119283 117.26792415898984 72.90359422636942 221.3786853887475 201.81170692706752 49.87177480631436 166.5576648784567 211.9317269199343 338.818246136473 350.8954683137006 336.2585980215599 220.42165998019647 110.8276837933251 111.7812232683118 186.42632754929735 296.83572232881147 301.8598715523561 319.91894830791455 183.51932175106833 180.12837696914767 112.67967579118704 76.21178320934808 110.92610851103558 268.9805420417271 328.62298109068695 254.10501665307453 229.77133625809245 248.8235791488055 318.60244360244457 263.7974257979918
59.2474373569417 353.9470759354249 367.2565983498676 41.079373280904576 106.03233861044083 373.7251852581521 288.6629907112861 254.44563428950295 327.48753513156555 123.0999071177506 167.6794681081671 198.44353451061903 187.12130485376156 157.2379017071736 108.91474945301258 127.02570699019003 132.575080967462 282.6610058112045 280.1135353536012 20.75195109903717 157.77114423669923 75.38051259998144 312.08312284970003 367.81299796460803 353.9569796140465 365.6648025239751 225.82418512419002 183.295934876836 81.13016594090419 227.59239463504844 248.94345225721264 303.17043689099813 198.39801640277545 210.41856605641107 188.76574906949344 153.9233072316673 10.89593917510473 246.8926148019101 363.22155422533393 289.14207522403615 167.38232255027629 304.2875324789409 253.41749935035028 226.5768698000295
0.7073901721701077 0.0 375.0162842215951 219.99260279672535 0.0 0.0 362.25730860960203 276.2987667103127 323.49899365073253 169.53913729112435 157.30075725722747 122.29203625060251 154.05103424931684 154.5112534742264 165.8381893376918 143.56583010402193 219.462340408334 292.7576214221993 226.9204298424238 45.124767345260125 190.5457083641818 0.0 0.0 354.9179098953855 358.13925066743155 372.53084856399704 309.11037113448964 261.9377740640519 130.71230572117457 211.06852736717246 278.0798659379127 291.2473676152703 208.58009780188803 159.90126255427947 139.96047013891518 164.65510325078412 23.273425215056932 160.94084647297285 344.2576998953404 315.8682288661119 205.55060137729134 263.49773698093964 179.52692576448118 269.63996256947536
0.0 0.0 357.3541678038434 336.1159415982711 0.0 0.0 366.0447372345356 351.90273873824964 232.27179368007586 152.47257024092494 131.9803641632842 132.97464691003432 192.8123652728591 95.66585847795619 189.61311897630281 167.14902267944473 225.3352235294454 300.2742714430073 215.1367896318613 130.17974267951178 132.1240868412067 1.6797475499433858 0.0 280.1713490316567 362.4344126914781 360.69680014227566 359.1981525755014 305.8232685090432 167.9372139204553 174.7388324843921 224.98366881803616 302.34503585224985 240.5361821072438 295.0694446444573 162.32603746881074 125.8147630495261 77.37311651582712 42.94141321203608 277.8637448347443 338.87877177768746 282.53426607572413 231.13909241257386 158.11769879823981 286.59792307502755
0.0 0.0 355.2017055250396 332.7042035586348 0.0 0.0 324.13829147782707 370.72961187404917 173.9435183050171 139.9544251546668 184.63902747806787 162.91803778188898 214.44241378965233 19.78925778765438 278.7984640072115 169.92194740790347 284.77386997268275 248.15459741062176 193.20961059383876 159.14607227546838 83.28116527434918 30.613152484434636 44.25480565103015 145.13919773751303 361.25451765545284 354.20666296083107 332.78246879289674 330.39943608072 248.27555493571424 121.82388687385418 94.38782050601912 289.0127984096241 263.41067664130014 360.46161419227855 181.3673782591456 178.1785455743455 163.07665800008056 23.241722398624916 117.32307649108327 318.6124014714324 332.0720607236762 216.5604961273773 159.75871579164402 245.01165864262242
0.0 0.0 369.7054317507671 374.36474564855456 146.963306226042 57.57308872875717 205.9103721979302 321.9433200121474 195.15172273288687 130.14425684780542 232.6745756046961 212.33952095694985 110.86719358123253 26.02841517082453 324.78510691189837 197.4432374705441 313.8313605207136 235.1031156613488 216.65493058798057 160.93237501910056 119.66928869184915 61.433838815461684 37.669704302172136 113.04536118506337 358.89392578720077 363.0073111858769 157.31236804841933 346.223455339255 282.3970491956548 231.97320175060435 11.867052586632099 203.60067934764862 355.83726401364595 353.4533406181282 169.46690820962817 154.7359773408249 172.65389340777625 96.84666432209531 54.80752887080837 188.52393884513748 352.41054372064343 234.99087179625775 176.79428217874175 184.79394668256714
0.0 0.0 335.538233745901 325.86205723270865 330.46044016497865 121.81697934292634 183.82749422991134 248.1203313634246 199.41632862040518 144.61402886839215 228.80393316930105 159.08762587200226 43.62371097983265 119.55965265324846 303.02648248457194 245.63590758980405 272.7631322367317 209.3403124152208 175.00753674139236 165.7449363582171 156.23783637112444 76.8066415345508 102.70008135960131 75.72796354703053 329.98361027374284 294.56421707223694 170.54276565835187 332.87907517502236 264.96261393841326 304.13018729238865 102.92167266326021 84.83168126840718 372.35853097545856 348.2664679821112 247.652925843719 180.30851260109387 182.18337777210422 164.26546424793656 100.57303055320102 63.79939880397217 274.54420610603427 293.1610798047437 221.46549870332763 161.25540680243483
49.211570798088985 121.19695283761808 291.5302078836242 311.9911083281816 307.80848085849624 188.24152304470135 216.84908454108432 247.88513603964356 228.39703644519864 237.3352402505094 301.64333846950115 101.19907318699114 34.84972502772189 205.33070979326754 274.6491843932841 283.04943976904616 151.18277171533708 142.28807116471148 138.67084655298459 137.46217856183756 143.64076867795347 62.41526082495915 186.54283613392278 50.887925781632475 192.58616243459414 228.4778786964879 260.36267217094246 272.5504206258291 267.32312080298584 296.10605282151363 227.57494511887177 84.5495652077824 371.34994476230736 338.6533824897526 278.5162071255719 194.98882922080298 181.27734534862162 197.91784605313364 181.33290320756248 132.47040793017675 51.06067418628385 341.68544512731665 243.9701709821166 159.86025220510112
263.0230920745503 114.4614779094536 224.46254304986644 270.07592298696704 179.13939658305952 177.4999299707323 200.3868046401741 239.86950399867106 267.4738769609447 280.8546857900892 305.63477605836783 121.19426118300322 28.153992871499668 225.81855072028117 233.35730181838164 213.91705444702166 66.52839845582412 98.50065985805333 149.36606581306296 115.14081440884371 131.47346023243767 89.72790326609231 234.2110982323935 22.449442652410823 36.04100750491813 126.87865842026139 92.64210020758662 171.61085552875352 217.55330316444633 272.54671599677596 259.82495618399753 197.14719672172578 361.3561918704466 338.4327744530202 266.1834068570768 286.5251633475423 183.09632090323572 193.90031426857382 168.81511887706966 166.93833064339793 24.617315818753866 247.2628064049224 311.68039868708183 128.77671783663925
333.7623271410007 219.60263191021994 263.42646634652596 184.2988538498568 26.271460170314754 210.16666538726406 198.26474960370894 193.35757184356402 321.13809162305944 331.74622352874536 323.16684366663 172.63927494456664 212.6700985738699 240.7357277793638 318.30688696248205 321.5598676022528 107.33384218297385 44.330830738052725 137.8858575753826 154.4032523552557 47.9327659993246 167.77419757302948 299.9993840528534 58.301803950041176 137.83640084647254 92.12130252596273 0.0 131.97209876504803 29.122605838481093 157.6266343253664 204.31438345956957 246.39183787759623 302.5520244324254 273.61182390805476 282.6197296199992 278.3652485204186 276.6687303898869 278.41822728049226 157.971401319871 158.11125272445946 111.71314082020211 25.36824430180178 316.42421712789974 120.54327482225858
200.67324271111465 271.54865967949524 285.78260439774664 85.2187301547109 70.63778159180691 182.22283116137618 189.61148767680987 48.8146249956032 234.04247609507132 321.2290381897674 283.9433050703185 242.23357962476587 277.47831102061997 282.42490206961503 287.2551835066939 310.16425558710495 179.26301185569332 111.792232645073 155.7999476686639 107.52217069047157 0.0 267.04943728072453 300.52121172812423 115.67819689431099 167.49227585451035 63.439828529060776 134.47543590850609 162.31525698073466 0.0 168.57358464761688 31.039935806891606 0.0 190.6405673045349 248.5697778925936 312.9056448388392 256.2235302528956 365.4462757589748 312.31058124492444 183.1609161464117 154.01667937227273 158.05224057169778 22.29758195382857 186.4135047475604 143.11904420128968
238.41533430741697 315.66787316562625 293.5608525792587 85.15748164365732 202.33767469355246 182.76208272553032 204.52923953901268 51.36733931271618 60.3360051222071 267.8166571221356 264.8577832775734 291.0576448642085 270.00669928337555 337.88053979372273 297.0973162161457 309.3305373036479 229.1000221079483 118.42323075012331 249.43156867049385 29.182581271413483 38.81406268354249 312.95645152547763 294.94871139308003 196.4060701192576 103.60651716758343 126.1472544742985 225.1520673397854 139.02888457684605 57.84533335864427 120.44473546716176 53.20625126766663 217.16866633239312 133.29916899035595 60.725324859400075 190.66360226088653 307.5818265642521 367.38262263120237 327.1152068709978 206.49495905769527 183.6541873663673 158.2055573592761 89.88345878890982 118.72282357713914 114.2640079238721
