data/DataRaster/netRadiationRaster.asc
NCOLS 187
NROWS 176
XLLCORNER 659300.0
YLLCORNER 5127800.0
CELLSIZE 500.0
NODATA_VALUE -9999
[rows 60 to 79 of 176, columns 0 to 43 of 187]
-9999 0.0 187.35252443376186 169.58118444576365 265.8166511097623 208.83869208406117 229.99848784670752 214.70269693414554 27.9517520966985 223.3893588754201 315.12715023866855 69.42383516294638 188.76449326744103 56.83008208286856 186.9478277404756 266.18461134850537 182.09710198376285 117.32050806841465 83.51078188288983 94.4404517627865 71.71621231277845 118.2809443034892 243.2703589700116 280.6003603019898 339.75354153427435 352.0657615398575 351.6905427107255 50.8191835472702 0.0 224.6503800286573 356.753096682771 314.8217650752303 319.51408447755165 303.6576408179822 95.21186669114667 64.20041249632311 0.0 295.91449946154677 309.7930493996658 222.34746620913336 131.87879789795716 216.1919470299881 175.0105694135193 299.5537320433654
-9999 0.0 187.8145123745353 95.17888503512285 330.922230880668 275.4570861194847 188.29896923461433 265.86011494644157 0.0 293.963908079188 186.11312276616258 126.77960756745114 120.22562275330068 57.91197403146617 278.6985620891468 280.55738456182485 57.0518341709502 30.561099329738454 67.58818428934057 153.62868797781522 76.66097596278047 172.43981139630944 268.3962441689388 310.0794984737943 309.7175119594979 323.53827747937225 363.6480067738209 291.8362872648039 0.0 29.974111051334035 356.9788113368221 342.1717993101456 342.3611444099725 328.70483268258823 256.6969900657594 74.75610292340167 102.44705227618772 206.63419575925843 220.8921538031659 167.66508489930902 162.67636831044786 264.7617990549685 239.87772028347825 244.35923671856926
-9999 0.0 203.49181647820404 0.0 329.7991252071369 343.67273842179446 215.62556850199206 218.118782283722 11.012961395692173 0.0 136.01987998169568 147.62882100528088 39.127033364296096 151.88365960838473 275.3004743204402 271.0564959963726 0.0 0.0 69.5723857612495 140.7007935721711 91.16950677714584 195.8577479384303 279.1003726474131 329.07149115598656 316.34366656948606 297.754268836524 338.92113894511436 363.32635770146845 137.92715774196836 0.0 173.25113557277098 349.78829238350943 361.4240311420107 325.5227356590168 304.37629697560965 57.19699168946488 114.34347665673829 106.09256862734838 151.76777602116675 206.3022994473323 283.1909699874416 331.65345587459035 278.47517239348576 252.1140315238917
-9999 0.0 246.9097415567689 0.0 314.7172963666317 346.0469550308163 309.7294407834385 108.98624258940754 145.5338532311577 271.90449311831895 107.42660142674737 69.1926385458516 74.5148001151349 184.6395293308753 202.44114312637993 266.06403849869173 23.262649360228522 0.0 32.87791877171935 92.6006234890167 140.0547342406673 231.96572026552747 274.7885585626643 307.7761082727986 295.15620278606553 303.4966939469351 315.1972852849121 346.35799682793424 343.94634129785663 107.59088031736354 0.4514596551642285 236.30797734434628 372.636097897501 365.2414771498004 182.1914179939031 48.009617667769476 58.57931430299806 184.56286405808277 206.40704440743195 99.80124459795962 333.09373949824226 318.46061363975673 300.6489650113594 171.2885454828239
-9999 0.0 181.23283421002475 0.0 268.65307404423305 345.4066659541083 326.9457684670935 160.49598094943644 192.53906884089298 276.19929405922665 33.15465430179307 72.80841288668302 152.27040254360242 170.61463382039972 15.423121967967347 177.20765985528362 129.81730306891728 63.86253688660304 19.37464737521401 69.52831392376243 179.00250712409382 284.45204266735453 290.55812350547944 296.3489209110504 197.99437193975484 221.3484214210464 276.8910528057094 358.7465972365961 337.0787234331067 341.94361828043304 108.90027304006401 95.59259343792263 314.6976089376763 353.8664539050737 71.52039784660263 66.88591431589856 104.97840443449559 272.6578469724191 215.02017872358044 12.492663767510692 212.37993598330274 242.65250948739276 311.34464435174505 152.4041101941927
-9999 0.0 78.3442289510362 0.0 204.38048026169514 346.17886378887226 317.56052219986515 261.2422723527994 181.01636128941294 257.48541779732307 48.29919647088764 99.49135600355038 130.76376021170807 115.28261392736567 49.10791657802025 8.23854380193859 183.1755066899475 116.73289085041318 61.45985593936348 115.11772227981248 221.3952217548504 297.6715092096589 300.34044635079 308.5175718416867 296.1036699798467 161.5079960557979 84.96790842990737 305.7566061163961 350.92343250158706 360.98903911799533 298.5263521258087 190.13176672494427 250.10783822001503 207.98214135845558 73.35862947442865 82.60177284699432 239.35512298834408 277.12703387405503 199.28791829176436 33.73410543541763 28.956654174136418 181.89690193688546 274.74209268886614 202.1316263095103
-9999 0.0 58.254629063136235 13.04914159723188 233.3453008853209 333.7580749717105 314.5478729974308 300.1056657706332 263.41260072173344 143.96116113720416 94.80209803342262 144.01934979513914 119.93611572218111 15.663690914606093 89.69943681243734 13.207468161755969 0.0 132.40463416492395 109.46691001323069 180.13146853645657 259.3118126131019 296.53615069373336 300.2734774495966 311.6115788735781 326.2910575009338 254.01704658106382 29.007159388198545 44.43171383559161 0.0 359.56131368046795 347.940966269183 292.5802571369759 322.40738380879884 41.131359378669686 45.863991672790576 128.11581934346788 296.3868559714852 281.9261351286939 162.1285473716644 76.67159213364471 59.602744442765186 54.890048224027794 210.98122639164512 267.37273764812295
-9999 0.0 21.09271742550925 40.92910660085522 226.84827077506617 318.13320914243803 321.35910814653545 205.56317984258334 276.5056664797319 131.86136155482 71.1957695823856 94.764828026018 136.47574589139015 6.825117718502156 72.13076497807538 147.32449076087062 183.3578563995958 29.570986076611064 124.76128845133451 226.88118641280374 281.1896436175042 252.27994064241437 331.71260825790023 327.32510050703064 337.44444223409755 342.3252109980912 276.69893154617574 14.912369833590958 0.0 349.5724588813373 360.92382048760675 316.241820654668 299.29753236089334 49.07025861314435 72.64967307909916 223.98377551198962 278.4040800275296 281.4490942696194 106.50429333866322 109.96554420875043 53.80952800024539 28.000562607542918 222.61367976936003 315.1382025951344
-9999 0.0 104.32193754173522 88.32862196086091 197.78391627008494 241.81470005215493 209.16904001014228 150.3062166448704 208.89043775573265 187.90429287143627 165.04193263568652 12.064669272513925 72.47793181354103 112.80886651508791 120.83941745228412 173.344074790648 100.17578710938886 8.238341047923825 163.54668450135205 267.8048157846586 294.6006313041436 175.3941092386592 239.82864618659693 290.63483845095016 335.9792001677245 339.42796750666207 334.85773437633657 141.65477492225386 0.0 211.19836021097592 338.90454049692556 355.4394649683967 233.54500563894453 29.642137089488813 163.16609212904268 237.5866065729448 248.5294244450132 257.4792194856465 72.46157539424604 109.12650548890065 103.25390496267715 75.00798014147932 264.147998403195 305.26893647406877
-9999 0.0 180.07318967995047 142.0935445902822 174.64532103942656 167.8926559642219 59.19380365158338 150.60703917727096 185.2404196588343 169.5792823391917 195.45454821040647 77.93159368635952 149.38935119168082 163.78182597371415 157.97995798797183 111.32685538434401 1.5815383055598318 40.677178041910395 223.6206536987509 291.7495025887594 307.4034484239414 297.4302094883874 217.4228759733041 144.45838302442183 282.4819546914431 356.43601210112945 355.12924079566585 272.36431829867115 123.97635359504585 100.54904692618084 247.4748440386643 339.96107395494755 190.91099378032953 101.11703517577149 126.50535407007436 154.81320816988108 178.40596057592137 138.04040975571087 106.39597301897396 38.73047000307736 118.59400362783418 144.7572756659829 311.14239162791665 299.6392621762634
-9999 0.0 231.09148821613928 118.98672456463629 121.9039907578861 53.46659610936155 87.5009282907319 188.76941757463203 199.16961829394938 56.4080801771035 144.11997037292292 97.23710874615034 175.62156303423683 128.96811396891854 109.29634885771276 27.35800972099213 50.04236507853187 65.18108681590616 270.03728100233343 301.01461308148134 282.8796393210699 300.315120962646 293.05958868889263 258.5543781777172 115.352561741395 316.91162620304567 325.39468931451205 307.21537273498143 299.32644432411985 238.34294900681294 143.0235136890921 299.08615222062315 204.71651989307674 264.8889549488881 252.2715151854008 134.38375279524217 183.381479590173 70.20503328660789 141.99664271656735 120.37780804734246 74.3737108022467 224.60002697185269 322.03827326561657 310.17238651350453
-9999 0.0 211.98263730624 111.48766598695562 77.62387930113715 88.77170139147 208.142723970831 239.22384367715506 217.60946581830763 82.12289648083816 188.2861083248564 155.7003288968515 176.40119881775138 27.176035455848705 0.0 53.57591941057291 58.227101185709614 98.06891194211829 284.34464053012715 328.399287956016 307.7773536190876 270.23686427676586 228.75953855163834 285.91218721068344 206.70543469964286 249.79332638007685 246.89605677699916 265.12200006308416 306.6797291948277 280.29294816199024 108.68801148253004 204.40984863704574 193.21393907035747 273.9754473867368 321.49125859902944 95.2952605304489 187.86267799675358 113.26364227162617 78.43377401621586 166.21966723632045 75.39782180413204 285.4075598066881 315.35893453837787 316.91950325645604
-9999 0.0 63.006284648903545 108.04655549240783 79.5435757821993 160.9371459305911 229.62731875601793 269.77099183135755 187.85158300165358 123.82023721562297 160.69283442395937 143.88135698112814 153.99420866588565 9.643205129497403 0.0 47.54530428107813 29.203143489221418 141.06150092095544 295.9346003897939 320.9962444049473 315.8389343750523 326.16336917879306 294.61376210031676 241.3932988236977 287.96713925045407 280.06909167942746 262.05539184402784 192.84867893507067 266.0879813000483 158.1951982915104 76.79817533577574 147.57203659549373 181.19226354443526 245.2926821170871 294.56657043355074 154.13258621899377 205.71496344944597 133.25633709331566 104.77754540485813 157.35763417001226 168.66295404694176 295.20120840855304 306.3197325100606 297.51422078380887
-9999 0.0 114.09200459224121 48.443188029083956 94.11234597819663 189.16766338057016 171.72693233653956 269.87772422575097 177.55112235369626 129.92192099786018 220.78722524521902 112.39861481722909 152.09361626432724 89.80105609715218 7.653352256101925 40.333700165717175 16.95065131879909 186.741525466118 304.54326239591524 329.35970911529074 325.9309385892301 310.61417802238236 334.55599464161935 286.66261053882465 235.73391738302934 297.0639753809415 325.6991778747315 297.3938009729245 230.562981512919 72.22551207589771 0.0 60.60887713280755 134.94073237403 105.23822545567805 208.16461439568167 210.78128911010555 255.1783957382911 115.20693148640595 118.71671565239018 183.33828296346394 267.3314170055242 295.5714333768756 304.09404218152645 297.63252278660786
-9999 0.0 219.47122522697526 207.2442917061419 148.82580732757748 164.64397971695274 171.98188427382917 187.68865884602639 132.25078627679954 26.298751386085428 120.4462979261292 111.62507563730276 162.72364031053013 143.18203175665218 79.4508055021467 64.28637749576467 30.590457804249695 245.9141344444712 291.0100424985255 329.0968858435081 323.93494817475045 302.8633571311246 310.70061775419725 292.2539956805257 292.3302985498195 270.9269625332936 243.21385704405088 323.0827919125306 295.7884620156419 149.49785330089907 94.34921422217326 88.82607604725996 168.20091224720323 77.54472501312745 53.14471394864728 150.66623449919126 194.4686643211935 129.46638690171807 161.21679969128388 253.43323148113052 257.4896554573945 287.6332941178894 303.73513304638436 284.6062583569905
-9999 0.0 207.25785523840642 243.29221188535513 212.99894131587934 194.0033349638192 216.29901238895485 264.1375567011468 115.58766695747062 102.29746984799931 0.0 0.0 66.80853880756894 127.1088731412591 105.16954280207574 64.96618687538512 106.69840440215131 246.23697406101263 303.11556072353096 303.70789673114757 321.85704852741776 314.0963643213536 316.59031868949967 292.4244947229693 286.43673280858445 312.1701340674368 293.40064420390723 314.6804923490161 231.7306177071975 117.84767514411794 223.2213654562796 182.1223496059198 211.2234011900004 113.5432856107862 59.03104134756029 127.79699728600497 75.41901636587761 101.9434646587074 226.2435741146071 297.79207960771527 261.6240256255777 252.26053268776417 309.112762090221 294.2986907998645
-9999 0.0 109.32703978564422 170.55090360644022 220.54836857542676 180.64923364563123 258.3920445098492 251.26082151031136 155.71982561781658 271.57504485383345 115.40023254624975 52.91962538743479 30.04994888064823 61.46181755650048 34.79563182425994 26.24532142194107 156.86671897750927 250.9199924714119 304.84759922295257 308.48032861010967 322.74848730221447 304.90526042135 316.6287460837218 272.12601299944697 255.27993718275945 307.2539908006182 294.75295543028653 305.8507628758468 272.6579617626552 130.25359507146976 157.801711661745 164.62506754706368 231.36303789606234 164.36136967349063 111.41218965314243 161.81017696397907 79.82050561777874 109.65258088828926 279.5174046591523 306.55623725230095 287.5742098602162 238.54877830960862 272.3772466004153 306.0688271394178
-9999 0.0 24.058261967413443 0.0 121.23513842764811 88.76322339295638 225.78028303150273 173.29646155175925 233.91568176956315 276.67508546599305 271.35506914909564 92.45775081485328 54.38375292388406 86.13239425273628 59.881628272432465 23.586407867279718 192.01627220094338 277.87526795939516 292.1425259158905 318.82182242443247 301.1951693538612 304.41398754981475 286.2628678966837 209.58891370995815 294.66530751354327 329.53447439961235 209.8969621863389 319.46938908353343 343.875036742577 166.72718388008576 133.08744759775107 65.08574853375978 174.60728846039814 188.40157810549175 150.68116460038146 178.77159048359738 139.59792955115086 104.05534011720664 312.99909722792347 326.51509695388603 307.93004997243924 310.08351613665747 265.54175086633177 245.22809586076727
-9999 0.0 124.94299760551621 91.11026541543839 57.14573595305416 38.62243289290757 26.13945244574643 0.0 237.152294996097 282.32315726051166 308.25761691497047 177.036614826372 62.119831458894 53.77115234810077 81.03820152086121 63.9165909781222 251.51772235844425 250.5478680745464 224.30675968413482 244.84980532214354 270.9328807195143 279.32272324058806 255.55837936593014 293.89886360837875 298.58936473790214 298.0223405878247 288.87006023483315 308.98328660596906 302.450259438434 106.03034055716103 178.39324883933068 4.338232319671249 0.0 136.53206657965825 179.55646084929919 154.99379902648457 72.53345527451165 59.37341941637783 307.3405969182515 326.97095470652476 316.1973619184496 315.0915128360468 318.42366211533425 272.18182020541246
-9999 0.0 202.21481741103196 245.27842793311675 213.97416521476782 39.19840760414161 21.17873826283369 0.0 0.0 159.5906161324192 287.7293037798788 256.1040943845743 124.5352297378895 35.10613481367017 97.91757376706943 111.93108416208457 289.4639212137632 291.42810041245974 282.2997439569289 212.80413675831375 181.32532458618857 145.28927031275566 204.7799456532943 237.70609971056098 277.48353677960677 250.94393068997476 317.81142886600037 355.62269278428323 350.9579324153319 94.86406535557416 162.17689259231616 48.260524711224946 80.67239459657804 189.76973245579347 239.0565200708778 154.68760988105674 18.977251644253897 35.931431968866036 289.46866180635794 322.42457547774313 317.39590074721735 309.31591039886763 328.92510257955155 336.2646192601535
